time,T1,T2,Q1,Q2,TSP1,TSP2
0,20.949499999999997,20.949499999999997,75.82006072998047,86.29838562011719,25.0,46.55
1,20.949499999999997,20.949499999999997,75.82006072998047,86.29838562011719,25.0,46.55
2,20.949499999999997,20.949499999999997,75.82006072998047,86.29838562011719,25.0,46.55
3,20.949499999999997,20.949499999999997,75.82006072998047,86.29838562011719,25.0,46.55
4,20.949499999999997,20.949499999999997,75.82006072998047,86.29838562011719,25.0,46.55
5,20.949499999999997,20.949499999999997,75.82006072998047,86.29838562011719,25.0,46.55
6,20.949499999999997,20.949499999999997,75.82006072998047,86.29838562011719,25.0,46.55
7,21.2718,21.2718,75.50452423095703,87.05986022949219,25.0,46.55
8,21.2718,21.2718,75.50452423095703,87.05986022949219,25.0,46.55
9,21.2718,21.2718,75.50452423095703,87.05986022949219,25.0,46.55
10,21.594099999999997,21.2718,73.88125610351562,86.68418884277344,25.0,46.55
11,21.594099999999997,21.2718,73.88125610351562,86.68418884277344,25.0,46.55
12,21.9164,21.594099999999997,70.63890075683594,87.12513732910156,25.0,46.55
13,21.9164,21.594099999999997,70.63890075683594,87.12513732910156,25.0,46.55
14,22.238699999999998,21.594099999999997,65.46348571777344,86.73904418945312,25.0,46.55
15,22.561,21.9164,59.6902961730957,87.26983642578125,25.0,46.55
16,22.561,21.9164,59.6902961730957,87.26983642578125,25.0,46.55
17,22.8833,21.9164,53.21869659423828,86.63545227050781,25.0,46.55
18,22.8833,22.238699999999998,53.79073715209961,87.77397155761719,25.0,46.55
19,23.205599999999997,22.238699999999998,47.20773696899414,86.99614715576172,25.0,46.55
20,23.205599999999997,22.238699999999998,47.20773696899414,86.99614715576172,25.0,46.55
21,23.5279,22.561,41.24332809448242,86.73497009277344,25.0,46.55
22,23.5279,22.561,41.24332809448242,86.73497009277344,25.0,46.55
23,23.850199999999997,22.8833,35.2656135559082,86.45419311523438,25.0,46.55
24,24.1725,22.8833,27.757505416870117,85.16207122802734,25.0,46.55
25,24.1725,23.205599999999997,28.29874038696289,86.27627563476562,25.0,46.55
26,24.494799999999998,23.205599999999997,19.348543167114258,85.07097625732422,25.0,46.55
27,24.494799999999998,23.205599999999997,19.348543167114258,85.07097625732422,25.0,46.55
28,24.817099999999996,23.5279,10.908129692077637,84.94637298583984,25.0,46.55
29,24.817099999999996,23.5279,10.908129692077637,84.94637298583984,25.0,46.55
30,25.1394,23.850199999999997,3.2609128952026367,84.41065979003906,25.0,46.55
31,25.1394,24.1725,3.837008476257324,85.2081298828125,25.0,46.55
32,25.461699999999997,24.1725,0.0,83.97669982910156,25.0,46.55
33,25.461699999999997,24.1725,0.0,83.97669982910156,25.0,46.55
34,25.461699999999997,24.494799999999998,0.0,84.75065612792969,25.0,46.55
35,25.784,24.494799999999998,0.0,84.05393981933594,25.0,46.55
36,25.784,24.817099999999996,0.0,84.76718139648438,25.0,46.55
37,26.106299999999997,25.1394,0.0,84.830322265625,25.0,46.55
38,26.106299999999997,25.1394,0.0,84.830322265625,25.0,46.55
39,26.106299999999997,25.1394,0.0,84.830322265625,25.0,46.55
40,26.106299999999997,25.461699999999997,0.0,85.5745849609375,25.0,46.55
41,26.106299999999997,25.461699999999997,0.0,85.5745849609375,25.0,46.55
42,26.4286,25.784,0.0,85.6469497680664,25.0,46.55
43,26.4286,25.784,0.0,85.6469497680664,25.0,46.55
44,26.4286,26.106299999999997,0.0,86.06314849853516,25.0,46.55
45,26.4286,26.106299999999997,0.0,86.06314849853516,25.0,46.55
46,26.4286,26.4286,0.0,86.31224060058594,25.0,46.55
47,26.4286,26.4286,0.0,86.31224060058594,25.0,46.55
48,26.4286,26.4286,0.0,86.31224060058594,25.0,46.55
49,26.750899999999998,26.750899999999998,0.0,86.10267639160156,25.0,46.55
50,26.4286,27.073199999999996,0.0,86.5291748046875,25.0,46.55
51,26.750899999999998,27.073199999999996,0.0,86.30593872070312,25.0,46.55
52,26.750899999999998,27.073199999999996,0.0,86.30593872070312,25.0,46.55
53,26.750899999999998,27.3955,0.0,86.37545013427734,25.0,46.55
54,26.750899999999998,27.3955,0.0,86.37545013427734,25.0,46.55
55,26.750899999999998,27.717799999999997,0.0,86.2677993774414,25.0,46.55
56,26.750899999999998,27.717799999999997,0.0,86.2677993774414,25.0,46.55
57,26.750899999999998,27.717799999999997,0.0,86.2677993774414,25.0,46.55
58,26.750899999999998,28.0401,0.0,86.10235595703125,25.0,46.55
59,26.750899999999998,28.0401,0.0,86.10235595703125,25.0,46.55
60,26.750899999999998,28.362399999999997,0.0,85.93689727783203,25.0,46.55
61,26.750899999999998,28.362399999999997,0.0,85.93689727783203,25.0,46.55
62,26.750899999999998,28.362399999999997,0.0,85.93689727783203,25.0,46.55
63,26.750899999999998,28.6847,0.0,85.7703857421875,25.0,46.55
64,26.750899999999998,28.6847,0.0,85.7703857421875,25.0,46.55
65,27.073199999999996,29.006999999999998,0.0,85.55593872070312,25.0,46.55
66,26.750899999999998,29.006999999999998,0.0,85.59842681884766,25.0,46.55
67,26.750899999999998,29.329299999999996,0.0,85.45272064208984,25.0,46.55
68,26.750899999999998,29.329299999999996,0.0,85.45272064208984,25.0,46.55
69,26.750899999999998,29.6516,0.0,85.3070068359375,25.0,46.55
70,26.750899999999998,29.6516,0.0,85.3070068359375,25.0,46.55
71,27.073199999999996,29.6516,0.0,85.26446533203125,25.0,46.55
72,26.750899999999998,29.973899999999997,0.16386982798576355,85.16341400146484,25.0,46.55
73,26.750899999999998,29.973899999999997,0.16386982798576355,85.16341400146484,25.0,46.55
74,26.750899999999998,30.2962,0.3443751037120819,85.02586364746094,25.0,46.55
75,27.073199999999996,30.2962,0.0,84.98432159423828,25.0,46.55
76,27.073199999999996,30.2962,0.0,84.98432159423828,25.0,46.55
77,26.750899999999998,30.618499999999997,0.5248689651489258,84.88835906982422,25.0,46.55
78,26.750899999999998,30.618499999999997,0.5248689651489258,84.88835906982422,25.0,46.55
79,27.073199999999996,30.618499999999997,0.16243788599967957,84.8468017578125,25.0,46.55
80,26.750899999999998,30.940799999999996,0.705357551574707,84.75086975097656,25.0,46.55
81,26.750899999999998,30.940799999999996,0.705357551574707,84.75086975097656,25.0,46.55
82,26.750899999999998,30.940799999999996,0.705357551574707,84.75086975097656,25.0,46.55
83,26.750899999999998,31.263099999999998,0.8858590126037598,84.61335754394531,25.0,46.55
84,26.750899999999998,31.263099999999998,0.8858590126037598,84.61335754394531,25.0,46.55
85,26.750899999999998,31.263099999999998,0.8858590126037598,84.61335754394531,25.0,46.55
86,26.750899999999998,31.585399999999996,1.0663561820983887,84.47582244873047,25.0,46.55
87,26.750899999999998,31.585399999999996,1.0663561820983887,84.47582244873047,25.0,46.55
88,27.073199999999996,31.585399999999996,0.7039294242858887,84.43423461914062,25.0,46.55
89,26.750899999999998,31.9077,1.2468576431274414,84.33830261230469,25.0,46.55
90,26.750899999999998,31.9077,1.2468576431274414,84.33830261230469,25.0,46.55
91,26.750899999999998,32.23,1.4273486137390137,84.20077514648438,25.0,46.55
92,26.750899999999998,32.23,1.4273486137390137,84.20077514648438,25.0,46.55
93,26.750899999999998,32.23,1.4273486137390137,84.20077514648438,25.0,46.55
94,26.750899999999998,32.23,1.4273486137390137,84.20077514648438,25.0,46.55
95,26.750899999999998,32.552299999999995,1.6078405380249023,84.06324768066406,25.0,46.55
96,26.750899999999998,32.552299999999995,1.6078405380249023,84.06324768066406,25.0,46.55
97,26.750899999999998,32.552299999999995,1.6078405380249023,84.06324768066406,25.0,46.55
98,26.750899999999998,32.8746,1.5663061141967773,83.94815063476562,25.0,46.55
99,26.750899999999998,32.8746,1.5663061141967773,83.94815063476562,25.0,46.55
100,26.750899999999998,33.1969,1.4201698303222656,83.84361267089844,25.0,46.55
101,26.750899999999998,33.1969,1.4201698303222656,83.84361267089844,25.0,46.55
102,26.750899999999998,33.1969,1.4201698303222656,83.84361267089844,25.0,46.55
103,26.750899999999998,33.1969,1.4201698303222656,83.84361267089844,25.0,46.55
104,26.750899999999998,33.1969,1.4201698303222656,83.84361267089844,25.0,46.55
105,26.750899999999998,33.5192,1.0181021690368652,83.75885009765625,25.0,46.55
106,26.750899999999998,33.5192,1.0181021690368652,83.75885009765625,25.0,46.55
107,26.750899999999998,33.5192,1.0181021690368652,83.75885009765625,25.0,46.55
108,26.750899999999998,33.5192,1.0181021690368652,83.75885009765625,25.0,46.55
109,26.750899999999998,33.841499999999996,0.6084041595458984,83.69390869140625,25.0,46.55
110,26.750899999999998,33.841499999999996,0.6084041595458984,83.69390869140625,25.0,46.55
111,26.750899999999998,33.841499999999996,0.6084041595458984,83.69390869140625,25.0,46.55
112,26.750899999999998,34.163799999999995,0.19870564341545105,83.6290283203125,25.0,46.55
113,26.750899999999998,34.163799999999995,0.19870564341545105,83.6290283203125,25.0,46.55
114,26.750899999999998,34.163799999999995,0.19870564341545105,83.6290283203125,25.0,46.55
115,26.750899999999998,34.163799999999995,0.19870564341545105,83.6290283203125,25.0,46.55
116,26.750899999999998,34.4861,0.0,83.56411743164062,25.0,46.55
117,26.750899999999998,34.4861,0.0,83.56411743164062,25.0,46.55
118,26.4286,34.4861,0.3414148986339569,83.5514907836914,25.0,46.55
119,26.750899999999998,34.4861,0.0,83.56411743164062,25.0,46.55
120,26.750899999999998,34.8084,0.0,83.49919891357422,25.0,46.55
121,26.750899999999998,34.8084,0.0,83.49919891357422,25.0,46.55
122,26.750899999999998,34.8084,0.0,83.49919891357422,25.0,46.55
123,26.750899999999998,34.8084,0.0,83.49919891357422,25.0,46.55
124,26.750899999999998,34.8084,0.0,83.49919891357422,25.0,46.55
125,26.4286,35.1307,0.0,83.42168426513672,25.0,46.55
126,26.4286,35.1307,0.0,83.42168426513672,25.0,46.55
127,26.750899999999998,35.1307,0.0,83.43433380126953,25.0,46.55
128,26.750899999999998,35.452999999999996,0.0,83.36941528320312,25.0,46.55
129,26.4286,35.452999999999996,0.0,83.35675811767578,25.0,46.55
130,26.4286,35.452999999999996,0.0,83.35675811767578,25.0,46.55
131,26.750899999999998,35.775299999999994,0.0,83.30449676513672,25.0,46.55
132,26.4286,35.452999999999996,0.0,83.35675811767578,25.0,46.55
133,26.4286,35.775299999999994,0.0,83.2924575805664,25.0,46.55
134,26.4286,35.775299999999994,0.0,83.2924575805664,25.0,46.55
135,26.4286,35.775299999999994,0.0,83.2924575805664,25.0,46.55
136,26.4286,35.775299999999994,0.0,83.2924575805664,25.0,46.55
137,26.4286,36.0976,0.0,83.22920227050781,25.0,46.55
138,26.4286,36.0976,0.0,83.22920227050781,25.0,46.55
139,26.4286,36.0976,0.0,83.22920227050781,25.0,46.55
140,26.4286,36.0976,0.0,83.22920227050781,25.0,46.55
141,26.4286,36.4199,0.0,83.16596984863281,25.0,46.55
142,26.4286,36.4199,0.0,83.16596984863281,25.0,46.55
143,26.4286,36.4199,0.0,83.16596984863281,25.0,46.55
144,26.4286,36.4199,0.0,83.16596984863281,25.0,46.55
145,26.4286,36.7422,0.0,83.10273742675781,25.0,46.55
146,26.4286,36.7422,0.0,83.10273742675781,25.0,46.55
147,26.4286,36.7422,0.0,83.10273742675781,25.0,46.55
148,26.4286,36.7422,0.0,83.10273742675781,25.0,46.55
149,26.4286,36.7422,0.0,83.10273742675781,25.0,46.55
150,26.4286,36.7422,0.0,83.10273742675781,25.0,46.55
151,26.4286,37.064499999999995,0.0,83.05481719970703,25.0,46.55
152,26.4286,37.064499999999995,0.0,83.05481719970703,25.0,46.55
153,26.4286,37.064499999999995,0.0,83.05481719970703,25.0,46.55
154,26.4286,37.064499999999995,0.0,83.05481719970703,25.0,46.55
155,26.4286,37.386799999999994,0.0,83.08321380615234,25.0,46.55
156,26.4286,37.064499999999995,0.0,83.05481719970703,25.0,46.55
157,26.4286,37.386799999999994,0.0,83.08321380615234,25.0,46.55
158,26.4286,37.386799999999994,0.0,83.08321380615234,25.0,46.55
159,26.4286,37.386799999999994,0.0,83.08321380615234,25.0,46.55
160,26.4286,37.386799999999994,0.0,83.08321380615234,25.0,46.55
161,26.4286,37.386799999999994,0.0,83.08321380615234,25.0,46.55
162,26.4286,37.7091,0.0,83.12185668945312,25.0,46.55
163,26.106299999999997,37.7091,0.0,82.96508026123047,25.0,46.55
164,26.106299999999997,37.7091,0.0,82.96508026123047,25.0,46.55
165,26.106299999999997,37.7091,0.0,82.96508026123047,25.0,46.55
166,26.106299999999997,38.0314,0.0,83.00373840332031,25.0,46.55
167,26.4286,38.0314,0.0,83.16051483154297,25.0,46.55
168,26.106299999999997,38.0314,0.0,83.00373840332031,25.0,46.55
169,26.106299999999997,38.0314,0.0,83.00373840332031,25.0,46.55
170,26.106299999999997,38.0314,0.0,83.00373840332031,25.0,46.55
171,26.106299999999997,38.0314,0.0,83.00373840332031,25.0,46.55
172,26.106299999999997,38.0314,0.0,83.00373840332031,25.0,46.55
173,26.106299999999997,38.353699999999996,0.0,83.08253479003906,25.0,46.55
174,26.106299999999997,38.353699999999996,0.0,83.08253479003906,25.0,46.55
175,26.106299999999997,38.353699999999996,0.0,83.08253479003906,25.0,46.55
176,26.106299999999997,38.353699999999996,0.0,83.08253479003906,25.0,46.55
177,26.106299999999997,38.353699999999996,0.0,83.08253479003906,25.0,46.55
178,26.106299999999997,38.353699999999996,0.0,83.08253479003906,25.0,46.55
179,26.106299999999997,38.675999999999995,0.0,83.19087219238281,25.0,46.55
180,26.106299999999997,38.675999999999995,0.0,83.19087219238281,25.0,46.55
181,26.106299999999997,38.675999999999995,0.0,83.19087219238281,25.0,46.55
182,26.106299999999997,38.675999999999995,0.0,83.19087219238281,25.0,46.55
183,26.106299999999997,38.675999999999995,0.0,83.19087219238281,25.0,46.55
184,26.106299999999997,38.675999999999995,0.0,83.19087219238281,25.0,46.55
185,26.106299999999997,38.675999999999995,0.0,83.19087219238281,25.0,46.55
186,26.106299999999997,38.9983,0.0,83.29177856445312,25.0,46.55
187,26.106299999999997,38.9983,0.0,83.29177856445312,25.0,46.55
188,26.106299999999997,38.9983,0.0,83.29177856445312,25.0,46.55
189,26.106299999999997,38.9983,0.0,83.29177856445312,25.0,46.55
190,26.106299999999997,38.9983,0.0,83.29177856445312,25.0,46.55
191,26.106299999999997,38.9983,0.0,83.29177856445312,25.0,46.55
192,26.106299999999997,38.9983,0.0,83.29177856445312,25.0,46.55
193,26.106299999999997,39.3206,0.0,83.39118957519531,25.0,46.55
194,26.106299999999997,39.3206,0.0,83.39118957519531,25.0,46.55
195,26.106299999999997,39.3206,0.0,83.39118957519531,25.0,46.55
196,26.106299999999997,39.3206,0.0,83.39118957519531,25.0,46.55
197,26.106299999999997,39.3206,0.0,83.39118957519531,25.0,46.55
198,26.106299999999997,39.3206,0.0,83.39118957519531,25.0,46.55
199,26.106299999999997,39.6429,0.0,83.34793090820312,25.0,46.55
200,26.106299999999997,39.6429,0.0,83.34793090820312,25.0,46.55
201,26.106299999999997,39.6429,0.0,83.34793090820312,25.0,46.55
202,26.106299999999997,39.6429,0.0,83.34793090820312,25.0,46.55
203,26.106299999999997,39.6429,0.0,83.34793090820312,25.0,46.55
204,26.106299999999997,39.6429,0.0,83.34793090820312,25.0,46.55
205,25.784,39.6429,0.0,82.64157104492188,25.0,46.55
206,25.784,39.6429,0.0,82.64157104492188,25.0,46.55
207,26.106299999999997,39.965199999999996,0.0,83.23716735839844,25.0,46.55
208,25.784,39.965199999999996,0.0,82.46510314941406,25.0,46.55
209,26.106299999999997,39.965199999999996,0.0,83.23716735839844,25.0,46.55
210,25.784,39.965199999999996,0.0,82.46510314941406,25.0,46.55
211,25.784,39.965199999999996,0.0,82.46510314941406,25.0,46.55
212,26.106299999999997,39.965199999999996,0.0,83.23716735839844,25.0,46.55
213,25.784,39.965199999999996,0.0,82.46510314941406,25.0,46.55
214,25.784,39.965199999999996,0.0,82.46510314941406,25.0,46.55
215,25.784,40.287499999999994,0.0,82.26847076416016,25.0,46.55
216,25.784,40.287499999999994,0.0,82.26847076416016,25.0,46.55
217,25.784,40.287499999999994,0.0,82.26847076416016,25.0,46.55
218,25.784,40.287499999999994,0.0,82.26847076416016,25.0,46.55
219,25.784,40.287499999999994,0.0,82.26847076416016,25.0,46.55
220,25.784,40.287499999999994,0.0,82.26847076416016,25.0,46.55
221,25.784,40.6098,0.0,82.02293395996094,25.0,46.55
222,25.784,40.6098,0.0,82.02293395996094,25.0,46.55
223,25.784,40.6098,0.0,82.02293395996094,25.0,46.55
224,25.784,40.6098,0.0,82.02293395996094,25.0,46.55
225,25.784,40.6098,0.0,82.02293395996094,25.0,46.55
226,25.784,40.6098,0.0,82.02293395996094,25.0,46.55
227,25.784,40.6098,0.0,82.02293395996094,25.0,46.55
228,25.784,40.6098,0.0,82.02293395996094,25.0,46.55
229,25.784,40.6098,0.0,82.02293395996094,25.0,46.55
230,25.784,40.6098,0.0,82.02293395996094,25.0,46.55
231,25.784,40.6098,0.0,82.02293395996094,25.0,46.55
232,25.784,40.9321,0.0,81.9081039428711,25.0,46.55
233,25.784,40.9321,0.0,81.9081039428711,25.0,46.55
234,25.784,40.9321,0.0,81.9081039428711,25.0,46.55
235,25.784,40.9321,0.0,81.9081039428711,25.0,46.55
236,25.784,40.9321,0.0,81.9081039428711,25.0,46.55
237,25.784,40.9321,0.0,81.9081039428711,25.0,46.55
238,25.784,40.9321,0.0,81.9081039428711,25.0,46.55
239,25.784,40.9321,0.0,81.9081039428711,25.0,46.55
240,25.784,40.9321,0.0,81.9081039428711,25.0,46.55
241,25.784,41.2544,0.0,81.80271911621094,25.0,46.55
242,25.784,41.2544,0.0,81.80271911621094,25.0,46.55
243,25.784,41.2544,0.0,81.80271911621094,25.0,46.55
244,25.784,41.2544,0.0,81.80271911621094,25.0,46.55
245,25.784,41.2544,0.0,81.80271911621094,25.0,46.55
246,25.784,41.2544,0.0,81.80271911621094,25.0,46.55
247,25.461699999999997,41.2544,0.0,80.9764404296875,25.0,46.55
248,25.784,41.2544,0.0,81.80271911621094,25.0,46.55
249,25.461699999999997,41.2544,0.0,80.9764404296875,25.0,46.55
250,25.784,41.2544,0.0,81.80271911621094,25.0,46.55
251,25.784,41.2544,0.0,81.80271911621094,25.0,46.55
252,25.784,41.576699999999995,0.0,81.73362731933594,25.0,46.55
253,25.461699999999997,41.576699999999995,0.0,80.8710708618164,25.0,46.55
254,25.784,41.576699999999995,0.0,81.73362731933594,25.0,46.55
255,25.784,41.576699999999995,0.0,81.73362731933594,25.0,46.55
256,25.784,41.576699999999995,0.0,81.73362731933594,25.0,46.55
257,25.461699999999997,41.576699999999995,0.0,80.8710708618164,25.0,46.55
258,25.784,41.576699999999995,0.0,81.73362731933594,25.0,46.55
259,25.784,41.576699999999995,0.0,81.73362731933594,25.0,46.55
260,25.784,41.576699999999995,0.0,81.73362731933594,25.0,46.55
261,25.461699999999997,41.576699999999995,0.0,80.8710708618164,25.0,46.55
262,25.784,41.576699999999995,0.0,81.73362731933594,25.0,46.55
263,25.784,41.898999999999994,0.0,81.66603088378906,25.0,46.55
264,25.461699999999997,41.898999999999994,0.0,80.76573181152344,25.0,46.55
265,25.461699999999997,41.898999999999994,0.0,80.76573181152344,25.0,46.55
266,25.784,41.898999999999994,0.0,81.66603088378906,25.0,46.55
267,25.461699999999997,41.898999999999994,0.0,80.76573181152344,25.0,46.55
268,25.784,41.898999999999994,0.0,81.66603088378906,25.0,46.55
269,25.461699999999997,41.898999999999994,0.0,80.76573181152344,25.0,46.55
270,25.461699999999997,41.898999999999994,0.0,80.76573181152344,25.0,46.55
271,25.461699999999997,41.898999999999994,0.0,80.76573181152344,25.0,46.55
272,25.461699999999997,41.898999999999994,0.0,80.76573181152344,25.0,46.55
273,25.461699999999997,41.898999999999994,0.0,80.76573181152344,25.0,46.55
274,25.461699999999997,41.898999999999994,0.0,80.76573181152344,25.0,46.55
275,25.461699999999997,41.898999999999994,0.0,80.76573181152344,25.0,46.55
276,25.461699999999997,41.898999999999994,0.0,80.76573181152344,25.0,46.55
277,25.461699999999997,41.898999999999994,0.0,80.76573181152344,25.0,46.55
278,25.461699999999997,42.2213,0.0,80.66036987304688,25.0,46.55
279,25.461699999999997,42.2213,0.0,80.66036987304688,25.0,46.55
280,25.461699999999997,42.2213,0.0,80.66036987304688,25.0,46.55
281,25.461699999999997,42.2213,0.0,80.66036987304688,25.0,46.55
282,25.461699999999997,42.2213,0.0,80.66036987304688,25.0,46.55
283,25.461699999999997,42.2213,0.0,80.66036987304688,25.0,46.55
284,25.461699999999997,42.2213,0.0,80.66036987304688,25.0,46.55
285,25.461699999999997,42.2213,0.0,80.66036987304688,25.0,46.55
286,25.461699999999997,42.2213,0.0,80.66036987304688,25.0,46.55
287,25.461699999999997,42.2213,0.0,80.66036987304688,25.0,46.55
288,25.461699999999997,42.2213,0.0,80.66036987304688,25.0,46.55
289,25.461699999999997,42.2213,0.0,80.66036987304688,25.0,46.55
290,25.461699999999997,42.2213,0.0,80.66036987304688,25.0,46.55
291,25.461699999999997,42.2213,0.0,80.66036987304688,25.0,46.55
292,25.461699999999997,42.5436,0.1342310607433319,80.55500030517578,25.0,46.55
293,25.461699999999997,42.5436,0.1342310607433319,80.55500030517578,25.0,46.55
294,25.461699999999997,42.5436,0.1342310607433319,80.55500030517578,25.0,46.55
295,25.461699999999997,42.5436,0.1342310607433319,80.55500030517578,25.0,46.55
296,25.461699999999997,42.5436,0.1342310607433319,80.55500030517578,25.0,46.55
297,25.461699999999997,42.5436,0.1342310607433319,80.55500030517578,25.0,46.55
298,25.461699999999997,42.5436,0.1342310607433319,80.55500030517578,25.0,46.55
299,25.461699999999997,42.5436,0.1342310607433319,80.55500030517578,25.0,46.55
300,25.461699999999997,42.5436,0.1342310607433319,80.55500030517578,25.0,46.55
301,25.461699999999997,42.5436,0.1342310607433319,80.55500030517578,25.0,46.55
302,25.461699999999997,42.5436,0.1342310607433319,80.55500030517578,25.0,46.55
303,25.461699999999997,42.5436,0.1342310607433319,80.55500030517578,25.0,46.55
304,25.461699999999997,42.5436,0.1342310607433319,80.55500030517578,25.0,46.55
305,25.461699999999997,42.5436,0.1342310607433319,80.55500030517578,25.0,46.55
306,25.461699999999997,42.5436,0.1342310607433319,80.55500030517578,25.0,46.55
307,25.461699999999997,42.5436,0.1342310607433319,80.55500030517578,25.0,46.55
308,25.461699999999997,42.5436,0.1342310607433319,80.55500030517578,25.0,46.55
309,25.461699999999997,42.865899999999996,0.3756727874279022,80.4367904663086,25.0,46.55
310,25.461699999999997,42.865899999999996,0.3756727874279022,80.4367904663086,25.0,46.55
311,25.461699999999997,42.5436,0.1342310607433319,80.55500030517578,25.0,46.55
312,25.461699999999997,42.865899999999996,0.3756727874279022,80.4367904663086,25.0,46.55
313,25.461699999999997,42.865899999999996,0.3756727874279022,80.4367904663086,25.0,46.55
314,25.461699999999997,42.5436,0.1342310607433319,80.55500030517578,25.0,46.55
315,25.461699999999997,42.865899999999996,0.3756727874279022,80.4367904663086,25.0,46.55
316,25.461699999999997,42.865899999999996,0.3756727874279022,80.4367904663086,25.0,46.55
317,25.461699999999997,42.865899999999996,0.3756727874279022,80.4367904663086,25.0,46.55
318,25.461699999999997,42.865899999999996,0.3756727874279022,80.4367904663086,25.0,46.55
319,25.461699999999997,42.865899999999996,0.3756727874279022,80.4367904663086,25.0,46.55
320,25.461699999999997,42.865899999999996,0.3756727874279022,80.4367904663086,25.0,46.55
321,25.461699999999997,42.865899999999996,0.3756727874279022,80.4367904663086,25.0,46.55
322,25.461699999999997,42.865899999999996,0.3756727874279022,80.4367904663086,25.0,46.55
323,25.461699999999997,42.865899999999996,0.3756727874279022,80.4367904663086,25.0,46.55
324,25.461699999999997,42.865899999999996,0.3756727874279022,80.4367904663086,25.0,46.55
325,25.461699999999997,42.865899999999996,0.3756727874279022,80.4367904663086,25.0,46.55
326,25.461699999999997,42.865899999999996,0.3756727874279022,80.4367904663086,25.0,46.55
327,25.461699999999997,42.865899999999996,0.3756727874279022,80.4367904663086,25.0,46.55
328,25.461699999999997,43.188199999999995,0.5872163772583008,80.32942962646484,25.0,46.55
329,25.461699999999997,42.865899999999996,0.3756727874279022,80.4367904663086,25.0,46.55
330,25.461699999999997,42.865899999999996,0.3756727874279022,80.4367904663086,25.0,46.55
331,25.1394,42.865899999999996,0.06774900108575821,79.58502960205078,25.0,46.55
332,25.461699999999997,42.865899999999996,0.3756727874279022,80.4367904663086,25.0,46.55
333,25.461699999999997,43.188199999999995,0.5872163772583008,80.32942962646484,25.0,46.55
334,25.461699999999997,43.188199999999995,0.5872163772583008,80.32942962646484,25.0,46.55
335,25.461699999999997,43.188199999999995,0.5872163772583008,80.32942962646484,25.0,46.55
336,25.1394,43.188199999999995,0.3067478835582733,79.4408187866211,25.0,46.55
337,25.461699999999997,43.188199999999995,0.5872163772583008,80.32942962646484,25.0,46.55
338,25.461699999999997,43.188199999999995,0.5872163772583008,80.32942962646484,25.0,46.55
339,25.461699999999997,43.188199999999995,0.5872163772583008,80.32942962646484,25.0,46.55
340,25.1394,43.188199999999995,0.3067478835582733,79.4408187866211,25.0,46.55
341,25.461699999999997,43.188199999999995,0.5872163772583008,80.32942962646484,25.0,46.55
342,25.461699999999997,43.188199999999995,0.5872163772583008,80.32942962646484,25.0,46.55
343,25.461699999999997,43.188199999999995,0.5872163772583008,80.32942962646484,25.0,46.55
344,25.461699999999997,43.188199999999995,0.5872163772583008,80.32942962646484,25.0,46.55
345,25.1394,43.188199999999995,0.3067478835582733,79.4408187866211,25.0,46.55
346,25.1394,43.188199999999995,0.3067478835582733,79.4408187866211,25.0,46.55
347,25.461699999999997,43.188199999999995,0.5872163772583008,80.32942962646484,25.0,46.55
348,25.1394,43.188199999999995,0.3067478835582733,79.4408187866211,25.0,46.55
349,25.461699999999997,43.188199999999995,0.5872163772583008,80.32942962646484,25.0,46.55
350,25.461699999999997,43.188199999999995,0.5872163772583008,80.32942962646484,25.0,46.55
351,25.1394,43.188199999999995,0.3067478835582733,79.4408187866211,25.0,46.55
352,25.1394,43.188199999999995,0.3067478835582733,79.4408187866211,25.0,46.55
353,25.461699999999997,43.188199999999995,0.5872163772583008,80.32942962646484,25.0,46.55
354,25.461699999999997,43.188199999999995,0.5872163772583008,80.32942962646484,25.0,46.55
355,25.461699999999997,43.188199999999995,0.5872163772583008,80.32942962646484,25.0,46.55
356,25.461699999999997,43.188199999999995,0.5872163772583008,80.32942962646484,25.0,46.55
357,25.1394,43.188199999999995,0.3067478835582733,79.4408187866211,25.0,46.55
358,25.461699999999997,43.188199999999995,0.5872163772583008,80.32942962646484,25.0,46.55
359,25.461699999999997,43.188199999999995,0.5872163772583008,80.32942962646484,25.0,46.55
360,25.461699999999997,43.51049999999999,0.7627949714660645,79.9168701171875,25.0,46.55
361,25.461699999999997,43.51049999999999,0.7627949714660645,79.9168701171875,25.0,46.55
362,25.461699999999997,43.188199999999995,0.5872163772583008,80.32942962646484,25.0,46.55
363,25.461699999999997,43.51049999999999,0.7627949714660645,79.9168701171875,25.0,46.55
364,25.461699999999997,43.51049999999999,0.7627949714660645,79.9168701171875,25.0,46.55
365,25.461699999999997,43.51049999999999,0.7627949714660645,79.9168701171875,25.0,46.55
366,25.1394,43.51049999999999,0.4644584357738495,78.72740173339844,25.0,46.55
367,25.1394,43.51049999999999,0.4644584357738495,78.72740173339844,25.0,46.55
368,25.461699999999997,43.51049999999999,0.7627949714660645,79.9168701171875,25.0,46.55
369,25.1394,43.51049999999999,0.4644584357738495,78.72740173339844,25.0,46.55
370,25.461699999999997,43.51049999999999,0.7627949714660645,79.9168701171875,25.0,46.55
371,25.461699999999997,43.51049999999999,0.7627949714660645,79.9168701171875,25.0,46.55
372,25.1394,43.51049999999999,0.0,0.0,25.0,33.18
373,25.1394,43.51049999999999,0.0,0.0,25.0,33.18
374,25.461699999999997,43.51049999999999,0.0,0.04842135310173035,25.0,33.18
375,25.1394,43.51049999999999,0.0,0.0,25.0,33.18
376,25.1394,43.51049999999999,0.0,0.0,25.0,33.18
377,25.461699999999997,43.51049999999999,0.0,0.04842135310173035,25.0,33.18
378,25.1394,43.51049999999999,0.0,0.0,25.0,33.18
379,25.461699999999997,43.188199999999995,0.0,0.0,25.0,33.18
380,25.1394,43.188199999999995,0.0,0.0,25.0,33.18
381,25.1394,43.188199999999995,0.0,0.0,25.0,33.18
382,25.461699999999997,43.188199999999995,0.0,0.0,25.0,33.18
383,25.1394,43.188199999999995,0.0,0.0,25.0,33.18
384,25.461699999999997,43.188199999999995,0.0,0.0,25.0,33.18
385,25.1394,42.865899999999996,0.0,0.0,25.0,33.18
386,25.1394,42.865899999999996,0.0,0.0,25.0,33.18
387,25.1394,42.865899999999996,0.0,0.0,25.0,33.18
388,25.1394,42.5436,0.0,0.0,25.0,33.18
389,25.1394,42.5436,0.0,0.0,25.0,33.18
390,25.1394,42.5436,0.0,0.0,25.0,33.18
391,25.1394,42.5436,0.0,0.0,25.0,33.18
392,25.1394,42.2213,0.0,0.0,25.0,33.18
393,25.1394,42.2213,0.0,0.0,25.0,33.18
394,25.1394,42.2213,0.0,0.0,25.0,33.18
395,25.1394,41.898999999999994,0.0,0.0,25.0,33.18
396,25.1394,41.898999999999994,0.0,0.0,25.0,33.18
397,25.1394,41.898999999999994,0.0,0.0,25.0,33.18
398,25.1394,41.576699999999995,0.0,0.0,25.0,33.18
399,25.1394,41.576699999999995,0.0,0.0,25.0,33.18
400,25.1394,41.576699999999995,0.0,0.0,25.0,33.18
401,25.1394,41.2544,0.0,0.0,25.0,33.18
402,25.1394,41.2544,0.0,0.0,25.0,33.18
403,25.1394,41.2544,0.0,0.0,25.0,33.18
404,25.1394,40.9321,0.0,0.0,25.0,33.18
405,24.817099999999996,40.9321,0.0,0.0,25.0,33.18
406,25.1394,40.9321,0.0,0.0,25.0,33.18
407,24.817099999999996,40.6098,0.0,0.0,25.0,33.18
408,24.817099999999996,40.6098,0.0,0.0,25.0,33.18
409,24.817099999999996,40.287499999999994,0.0,0.0,25.0,33.18
410,24.817099999999996,40.287499999999994,0.0,0.0,25.0,33.18
411,24.817099999999996,40.287499999999994,0.0,0.0,25.0,33.18
412,24.817099999999996,39.965199999999996,0.0,0.0,25.0,33.18
413,24.817099999999996,39.965199999999996,0.0,0.0,25.0,33.18
414,24.817099999999996,39.965199999999996,0.0,0.0,25.0,33.18
415,24.817099999999996,39.6429,0.0,0.0,25.0,33.18
416,24.817099999999996,39.6429,0.0,0.0,25.0,33.18
417,24.817099999999996,39.3206,0.0,0.0,25.0,33.18
418,24.817099999999996,39.3206,0.0,0.0,25.0,33.18
419,24.817099999999996,39.3206,0.0,0.0,25.0,33.18
420,24.494799999999998,38.9983,2.9431161880493164,0.0,25.0,33.18
421,24.817099999999996,38.9983,0.0,0.0,25.0,33.18
422,24.817099999999996,38.675999999999995,0.0,0.0,25.0,33.18
423,24.494799999999998,38.675999999999995,3.3638811111450195,0.0,25.0,33.18
424,24.494799999999998,38.675999999999995,3.3638811111450195,0.0,25.0,33.18
425,24.494799999999998,38.353699999999996,3.7945661544799805,0.0,25.0,33.18
426,24.494799999999998,38.353699999999996,3.7945661544799805,0.0,25.0,33.18
427,24.494799999999998,38.353699999999996,3.7945661544799805,0.0,25.0,33.18
428,24.494799999999998,38.353699999999996,3.7945661544799805,0.0,25.0,33.18
429,24.494799999999998,38.0314,4.225269317626953,0.0,25.0,33.18
430,24.494799999999998,38.0314,4.225269317626953,0.0,25.0,33.18
431,24.494799999999998,37.7091,4.655951499938965,0.0,25.0,33.18
432,24.494799999999998,37.7091,4.655951499938965,0.0,25.0,33.18
433,24.494799999999998,37.7091,4.655951499938965,0.0,25.0,33.18
434,24.494799999999998,37.386799999999994,5.129860877990723,0.0,25.0,33.18
435,24.494799999999998,37.386799999999994,5.129860877990723,0.0,25.0,33.18
436,24.494799999999998,37.064499999999995,5.880788803100586,0.0,25.0,33.18
437,24.1725,37.386799999999994,15.318687438964844,0.0,25.0,33.18
438,24.494799999999998,37.064499999999995,5.880788803100586,0.0,25.0,33.18
439,24.494799999999998,37.064499999999995,5.880788803100586,0.0,25.0,33.18
440,24.494799999999998,36.7422,6.646660804748535,0.0,25.0,33.18
441,24.494799999999998,36.7422,6.646660804748535,0.0,25.0,33.18
442,24.494799999999998,36.7422,6.646660804748535,0.0,25.0,33.18
443,24.494799999999998,36.7422,6.646660804748535,0.0,25.0,33.18
444,24.1725,36.4199,17.988876342773438,0.0,25.0,33.18
445,24.494799999999998,36.4199,7.453265190124512,0.0,25.0,33.18
446,24.1725,36.0976,19.167766571044922,0.0,25.0,33.18
447,24.494799999999998,36.0976,8.474595069885254,0.0,25.0,33.18
448,24.1725,36.0976,19.167766571044922,0.0,25.0,33.18
449,24.1725,35.775299999999994,20.381454467773438,0.0,25.0,33.18
450,24.494799999999998,35.775299999999994,9.549446105957031,0.0,25.0,33.18
451,24.494799999999998,35.775299999999994,9.549446105957031,0.0,25.0,33.18
452,24.494799999999998,35.452999999999996,10.593402862548828,0.0,25.0,33.18
453,24.494799999999998,35.452999999999996,10.593402862548828,0.0,25.0,33.18
454,24.494799999999998,35.452999999999996,10.593402862548828,0.0,25.0,33.18
455,24.494799999999998,35.452999999999996,10.593402862548828,0.0,25.0,33.18
456,24.494799999999998,35.1307,11.664936065673828,0.0,25.0,33.18
457,24.494799999999998,35.1307,11.664936065673828,0.0,25.0,33.18
458,24.494799999999998,35.1307,11.664936065673828,0.0,25.0,33.18
459,24.494799999999998,34.8084,12.703428268432617,0.0,25.0,33.18
460,24.494799999999998,34.8084,12.703428268432617,0.0,25.0,33.18
461,24.494799999999998,34.8084,12.703428268432617,0.0,25.0,33.18
462,24.494799999999998,34.4861,13.900459289550781,0.0,25.0,33.18
463,24.494799999999998,34.4861,13.900459289550781,0.0,25.0,33.18
464,24.494799999999998,34.4861,13.900459289550781,0.0,25.0,33.18
465,24.494799999999998,34.4861,13.900459289550781,0.0,25.0,33.18
466,24.494799999999998,34.163799999999995,15.48703384399414,0.5609898567199707,25.0,33.18
467,24.494799999999998,34.163799999999995,15.48703384399414,0.5609898567199707,25.0,33.18
468,24.817099999999996,34.163799999999995,2.9391841888427734,0.0,25.0,33.18
469,24.494799999999998,34.163799999999995,15.48703384399414,0.5609898567199707,25.0,33.18
470,24.494799999999998,33.841499999999996,17.174205780029297,2.571563243865967,25.0,33.18
471,24.817099999999996,33.841499999999996,3.9041948318481445,1.6292047500610352,25.0,33.18
472,24.817099999999996,33.841499999999996,3.9041948318481445,1.6292047500610352,25.0,33.18
473,24.817099999999996,33.5192,5.024697303771973,4.143435001373291,25.0,33.18
474,24.817099999999996,33.5192,5.024697303771973,4.143435001373291,25.0,33.18
475,24.817099999999996,33.5192,5.024697303771973,4.143435001373291,25.0,33.18
476,24.817099999999996,33.5192,5.024697303771973,4.143435001373291,25.0,33.18
477,24.817099999999996,33.1969,5.727294921875,17.45037269592285,25.0,33.18
478,24.817099999999996,33.1969,5.727294921875,17.45037269592285,25.0,33.18
479,24.817099999999996,33.1969,5.727294921875,17.45037269592285,25.0,33.18
480,24.817099999999996,33.1969,5.727294921875,17.45037269592285,25.0,33.18
481,24.817099999999996,32.8746,5.898609161376953,40.967262268066406,25.0,33.18
482,24.817099999999996,32.8746,5.898609161376953,40.967262268066406,25.0,33.18
483,24.817099999999996,32.8746,5.898609161376953,40.967262268066406,25.0,33.18
484,24.817099999999996,32.8746,5.898609161376953,40.967262268066406,25.0,33.18
485,24.817099999999996,32.8746,5.898609161376953,40.967262268066406,25.0,33.18
486,24.817099999999996,32.552299999999995,5.425340175628662,63.70551681518555,25.0,33.18
487,24.817099999999996,32.552299999999995,5.425340175628662,63.70551681518555,25.0,33.18
488,25.1394,32.552299999999995,0.22566649317741394,62.95026397705078,25.0,33.18
489,24.817099999999996,32.552299999999995,5.425340175628662,63.70551681518555,25.0,33.18
490,24.817099999999996,32.552299999999995,5.425340175628662,63.70551681518555,25.0,33.18
491,24.817099999999996,32.552299999999995,5.425340175628662,63.70551681518555,25.0,33.18
492,24.817099999999996,32.552299999999995,5.425340175628662,63.70551681518555,25.0,33.18
493,24.817099999999996,32.552299999999995,5.425340175628662,63.70551681518555,25.0,33.18
494,24.817099999999996,32.552299999999995,5.425340175628662,63.70551681518555,25.0,33.18
495,24.817099999999996,32.552299999999995,5.425340175628662,63.70551681518555,25.0,33.18
496,24.817099999999996,32.23,6.1424055099487305,69.01668548583984,25.0,33.18
497,24.817099999999996,32.552299999999995,5.425340175628662,63.70551681518555,25.0,33.18
498,24.817099999999996,32.552299999999995,5.425340175628662,63.70551681518555,25.0,33.18
499,24.817099999999996,32.552299999999995,5.425340175628662,63.70551681518555,25.0,33.18
500,24.817099999999996,32.552299999999995,5.425340175628662,63.70551681518555,25.0,33.18
501,24.817099999999996,32.552299999999995,5.425340175628662,63.70551681518555,25.0,33.18
502,24.817099999999996,32.552299999999995,5.425340175628662,63.70551681518555,25.0,33.18
503,24.817099999999996,32.552299999999995,5.425340175628662,63.70551681518555,25.0,33.18
504,24.817099999999996,32.552299999999995,5.425340175628662,63.70551681518555,25.0,33.18
505,24.817099999999996,32.552299999999995,5.425340175628662,63.70551681518555,25.0,33.18
506,24.817099999999996,32.552299999999995,5.425340175628662,63.70551681518555,25.0,33.18
507,25.1394,32.552299999999995,0.22566649317741394,62.95026397705078,25.0,33.18
508,24.817099999999996,32.552299999999995,5.425340175628662,63.70551681518555,25.0,33.18
509,25.1394,32.552299999999995,0.22566649317741394,62.95026397705078,25.0,33.18
510,25.1394,32.8746,0.5202741622924805,39.724369049072266,25.0,33.18
511,24.817099999999996,32.8746,5.898609161376953,40.967262268066406,25.0,33.18
512,25.1394,32.552299999999995,0.22566649317741394,62.95026397705078,25.0,33.18
513,25.1394,32.8746,0.5202741622924805,39.724369049072266,25.0,33.18
514,25.1394,32.8746,0.5202741622924805,39.724369049072266,25.0,33.18
515,25.1394,32.8746,0.5202741622924805,39.724369049072266,25.0,33.18
516,25.1394,32.8746,0.5202741622924805,39.724369049072266,25.0,33.18
517,24.817099999999996,32.8746,5.898609161376953,40.967262268066406,25.0,33.18
518,25.1394,32.8746,0.5202741622924805,39.724369049072266,25.0,33.18
519,24.817099999999996,32.8746,5.898609161376953,40.967262268066406,25.0,33.18
520,25.1394,32.8746,0.5202741622924805,39.724369049072266,25.0,33.18
521,25.1394,32.8746,0.5202741622924805,39.724369049072266,25.0,33.18
522,25.1394,32.8746,0.5202741622924805,39.724369049072266,25.0,33.18
523,25.1394,33.1969,0.6050815582275391,16.211688995361328,25.0,33.18
524,24.817099999999996,33.1969,5.727294921875,17.45037269592285,25.0,33.18
525,24.817099999999996,32.8746,5.898609161376953,40.967262268066406,25.0,33.18
526,25.1394,32.8746,0.5202741622924805,39.724369049072266,25.0,33.18
527,24.817099999999996,33.1969,5.727294921875,17.45037269592285,25.0,33.18
528,25.1394,32.8746,0.5202741622924805,39.724369049072266,25.0,33.18
529,25.1394,32.8746,0.5202741622924805,39.724369049072266,25.0,33.18
530,24.817099999999996,33.1969,5.727294921875,17.45037269592285,25.0,33.18
531,24.817099999999996,32.8746,5.898609161376953,40.967262268066406,25.0,33.18
532,25.1394,33.1969,0.6050815582275391,16.211688995361328,25.0,33.18
533,25.1394,32.8746,0.5202741622924805,39.724369049072266,25.0,33.18
534,25.1394,33.1969,0.6050815582275391,16.211688995361328,25.0,33.18
535,24.817099999999996,33.1969,5.727294921875,17.45037269592285,25.0,33.18
536,25.1394,33.1969,0.6050815582275391,16.211688995361328,25.0,33.18
537,25.1394,32.8746,0.5202741622924805,39.724369049072266,25.0,33.18
538,25.1394,33.1969,0.6050815582275391,16.211688995361328,25.0,33.18
539,24.817099999999996,33.1969,5.727294921875,17.45037269592285,25.0,33.18
540,25.1394,33.1969,0.6050815582275391,16.211688995361328,25.0,33.18
541,24.817099999999996,32.8746,5.898609161376953,40.967262268066406,25.0,33.18
542,25.1394,32.8746,0.5202741622924805,39.724369049072266,25.0,33.18
543,24.817099999999996,32.8746,5.898609161376953,40.967262268066406,25.0,33.18
544,25.1394,32.8746,0.5202741622924805,39.724369049072266,25.0,33.18
545,25.1394,32.8746,0.5202741622924805,39.724369049072266,25.0,33.18
546,24.817099999999996,32.8746,5.898609161376953,40.967262268066406,25.0,33.18
547,24.817099999999996,32.8746,5.898609161376953,40.967262268066406,25.0,33.18
548,24.817099999999996,32.8746,5.898609161376953,40.967262268066406,25.0,33.18
549,24.817099999999996,32.8746,5.898609161376953,40.967262268066406,25.0,33.18
550,24.817099999999996,32.8746,5.898609161376953,40.967262268066406,25.0,33.18
551,25.1394,32.8746,0.5202741622924805,39.724369049072266,25.0,33.18
552,24.817099999999996,32.8746,5.898609161376953,40.967262268066406,25.0,33.18
553,24.817099999999996,32.8746,5.898609161376953,40.967262268066406,25.0,33.18
554,24.817099999999996,32.8746,5.898609161376953,40.967262268066406,25.0,33.18
555,25.1394,32.8746,0.5202741622924805,39.724369049072266,25.0,33.18
556,24.817099999999996,32.8746,5.898609161376953,40.967262268066406,25.0,33.18
557,24.817099999999996,32.8746,5.898609161376953,40.967262268066406,25.0,33.18
558,24.817099999999996,32.8746,5.898609161376953,40.967262268066406,25.0,33.18
559,25.1394,32.8746,0.5202741622924805,39.724369049072266,25.0,33.18
560,25.1394,32.8746,0.5202741622924805,39.724369049072266,25.0,33.18
561,24.817099999999996,32.8746,5.898609161376953,40.967262268066406,25.0,33.18
562,25.1394,32.8746,0.5202741622924805,39.724369049072266,25.0,33.18
563,24.817099999999996,32.8746,5.898609161376953,40.967262268066406,25.0,33.18
564,24.817099999999996,32.8746,5.898609161376953,40.967262268066406,25.0,33.18
565,24.817099999999996,32.8746,5.898609161376953,40.967262268066406,25.0,33.18
566,25.1394,32.8746,0.5202741622924805,39.724369049072266,25.0,33.18
567,24.817099999999996,32.8746,5.898609161376953,40.967262268066406,25.0,33.18
568,24.817099999999996,32.8746,5.898609161376953,40.967262268066406,25.0,33.18
569,25.1394,32.8746,0.5202741622924805,39.724369049072266,25.0,33.18
570,25.1394,32.8746,0.5202741622924805,39.724369049072266,25.0,33.18
571,24.817099999999996,32.8746,5.898609161376953,40.967262268066406,25.0,33.18
572,24.817099999999996,32.8746,5.898609161376953,40.967262268066406,25.0,33.18
573,24.817099999999996,32.8746,5.898609161376953,40.967262268066406,25.0,33.18
574,24.817099999999996,32.8746,5.898609161376953,40.967262268066406,25.0,33.18
575,24.817099999999996,32.8746,5.898609161376953,40.967262268066406,25.0,33.18
576,24.817099999999996,32.8746,5.898609161376953,40.967262268066406,25.0,33.18
577,24.817099999999996,32.8746,5.898609161376953,40.967262268066406,25.0,33.18
578,24.817099999999996,32.8746,5.898609161376953,40.967262268066406,25.0,33.18
579,25.1394,32.8746,0.5202741622924805,39.724369049072266,25.0,33.18
580,24.817099999999996,32.8746,5.898609161376953,40.967262268066406,25.0,33.18
581,24.817099999999996,32.8746,5.898609161376953,40.967262268066406,25.0,33.18
582,25.1394,32.8746,0.5202741622924805,39.724369049072266,25.0,33.18
583,25.1394,32.8746,0.5202741622924805,39.724369049072266,25.0,33.18
584,24.817099999999996,32.8746,5.898609161376953,40.967262268066406,25.0,33.18
585,24.817099999999996,32.8746,5.898609161376953,40.967262268066406,25.0,33.18
586,24.817099999999996,32.8746,5.898609161376953,40.967262268066406,25.0,33.18
587,24.817099999999996,32.8746,5.898609161376953,40.967262268066406,25.0,33.18
588,24.817099999999996,32.8746,5.898609161376953,40.967262268066406,25.0,33.18
589,24.817099999999996,32.8746,5.898609161376953,40.967262268066406,25.0,33.18
590,25.1394,32.8746,0.5202741622924805,39.724369049072266,25.0,33.18
591,25.1394,32.8746,0.5202741622924805,39.724369049072266,25.0,33.18
592,25.1394,32.8746,0.5202741622924805,39.724369049072266,25.0,33.18
593,25.1394,32.8746,0.5202741622924805,39.724369049072266,25.0,33.18
594,25.1394,32.8746,0.5202741622924805,39.724369049072266,25.0,33.18
595,24.817099999999996,32.8746,5.898609161376953,40.967262268066406,25.0,33.18
596,25.1394,32.8746,0.5202741622924805,39.724369049072266,25.0,33.18
597,24.817099999999996,32.8746,5.898609161376953,40.967262268066406,25.0,33.18
598,24.817099999999996,32.8746,5.898609161376953,40.967262268066406,25.0,33.18
599,24.817099999999996,32.8746,5.898609161376953,40.967262268066406,25.0,33.18
600,25.1394,32.8746,0.5202741622924805,39.724369049072266,25.0,33.18
601,25.1394,32.8746,0.5202741622924805,39.724369049072266,25.0,33.18
602,25.1394,32.8746,0.5202741622924805,39.724369049072266,25.0,33.18
603,25.1394,32.8746,0.5202741622924805,39.724369049072266,25.0,33.18
604,25.1394,32.8746,0.5202741622924805,39.724369049072266,25.0,33.18
605,25.1394,32.8746,0.5202741622924805,39.724369049072266,25.0,33.18
606,25.1394,32.8746,0.5202741622924805,39.724369049072266,25.0,33.18
607,24.817099999999996,32.8746,5.898609161376953,40.967262268066406,25.0,33.18
608,25.1394,32.8746,0.5202741622924805,39.724369049072266,25.0,33.18
609,24.817099999999996,32.8746,5.898609161376953,40.967262268066406,25.0,33.18
610,25.1394,32.8746,0.5202741622924805,39.724369049072266,25.0,33.18
611,25.1394,32.8746,0.5202741622924805,39.724369049072266,25.0,33.18
612,24.817099999999996,32.8746,5.898609161376953,40.967262268066406,25.0,33.18
613,25.1394,32.8746,0.5202741622924805,39.724369049072266,25.0,33.18
614,24.817099999999996,32.8746,5.898609161376953,40.967262268066406,25.0,33.18
615,24.817099999999996,32.8746,5.898609161376953,40.967262268066406,25.0,33.18
616,25.1394,32.8746,0.5202741622924805,39.724369049072266,25.0,33.18
617,24.817099999999996,32.8746,5.898609161376953,40.967262268066406,25.0,33.18
618,25.1394,32.8746,0.5202741622924805,39.724369049072266,25.0,33.18
619,25.1394,32.8746,0.5202741622924805,39.724369049072266,25.0,33.18
620,24.817099999999996,32.8746,5.898609161376953,40.967262268066406,25.0,33.18
621,24.817099999999996,32.8746,5.898609161376953,40.967262268066406,25.0,33.18
622,24.817099999999996,32.8746,5.898609161376953,40.967262268066406,25.0,33.18
623,24.817099999999996,32.8746,5.898609161376953,40.967262268066406,25.0,33.18
624,24.817099999999996,32.8746,5.898609161376953,40.967262268066406,25.0,33.18
625,24.817099999999996,32.8746,5.898609161376953,40.967262268066406,25.0,33.18
626,24.817099999999996,32.8746,5.898609161376953,40.967262268066406,25.0,33.18
627,25.1394,32.8746,0.5202741622924805,39.724369049072266,25.0,33.18
628,24.817099999999996,33.1969,5.727294921875,17.45037269592285,25.0,33.18
629,24.817099999999996,32.8746,5.898609161376953,40.967262268066406,25.0,33.18
630,25.1394,32.8746,0.5202741622924805,39.724369049072266,25.0,33.18
631,25.1394,32.8746,0.5202741622924805,39.724369049072266,25.0,33.18
632,24.817099999999996,32.8746,5.898609161376953,40.967262268066406,25.0,33.18
633,24.817099999999996,32.8746,5.898609161376953,40.967262268066406,25.0,33.18
634,25.1394,33.1969,0.6050815582275391,16.211688995361328,25.0,33.18
635,24.817099999999996,32.8746,5.898609161376953,40.967262268066406,25.0,33.18
636,24.817099999999996,32.8746,5.898609161376953,40.967262268066406,25.0,33.18
637,24.817099999999996,32.8746,5.898609161376953,40.967262268066406,25.0,33.18
638,24.817099999999996,32.8746,5.898609161376953,40.967262268066406,25.0,33.18
639,25.1394,32.8746,0.5202741622924805,39.724369049072266,25.0,33.18
640,24.817099999999996,32.8746,5.898609161376953,40.967262268066406,25.0,33.18
641,24.817099999999996,32.8746,5.898609161376953,40.967262268066406,25.0,33.18
642,25.1394,32.8746,67.56253051757812,35.31391525268555,37.09,33.18
643,24.817099999999996,33.1969,67.2793197631836,16.312162399291992,37.09,33.18
644,25.1394,32.8746,67.56253051757812,35.31391525268555,37.09,33.18
645,25.1394,32.8746,67.56253051757812,35.31391525268555,37.09,33.18
646,25.1394,32.8746,67.56253051757812,35.31391525268555,37.09,33.18
647,25.1394,32.8746,67.56253051757812,35.31391525268555,37.09,33.18
648,25.1394,32.8746,67.56253051757812,35.31391525268555,37.09,33.18
649,25.1394,32.8746,67.56253051757812,35.31391525268555,37.09,33.18
650,25.461699999999997,32.8746,68.08921813964844,35.60167694091797,37.09,33.18
651,25.461699999999997,32.8746,68.08921813964844,35.60167694091797,37.09,33.18
652,25.461699999999997,32.8746,68.08921813964844,35.60167694091797,37.09,33.18
653,25.784,32.8746,68.63877868652344,35.80464172363281,37.09,33.18
654,25.784,32.8746,68.63877868652344,35.80464172363281,37.09,33.18
655,26.106299999999997,32.8746,69.2186508178711,35.94845962524414,37.09,33.18
656,26.4286,32.8746,69.7408218383789,36.52400207519531,37.09,33.18
657,26.4286,32.8746,69.7408218383789,36.52400207519531,37.09,33.18
658,26.4286,32.8746,69.7408218383789,36.52400207519531,37.09,33.18
659,26.750899999999998,32.8746,70.3372802734375,36.841819763183594,37.09,33.18
660,26.750899999999998,32.8746,70.3372802734375,36.841819763183594,37.09,33.18
661,26.750899999999998,32.8746,70.3372802734375,36.841819763183594,37.09,33.18
662,27.073199999999996,32.8746,70.95362854003906,37.157012939453125,37.09,33.18
663,27.3955,32.8746,71.61553192138672,37.4661865234375,37.09,33.18
664,27.3955,32.8746,71.61553192138672,37.4661865234375,37.09,33.18
665,27.717799999999997,32.8746,72.27742767333984,37.77533721923828,37.09,33.18
666,27.717799999999997,33.1969,72.85342407226562,16.602670669555664,37.09,33.18
667,28.0401,33.1969,73.5727310180664,16.84769630432129,37.09,33.18
668,28.362399999999997,33.1969,74.2923583984375,17.023067474365234,37.09,33.18
669,28.362399999999997,33.1969,74.2923583984375,17.023067474365234,37.09,33.18
670,28.6847,33.1969,75.01205444335938,17.17900276184082,37.09,33.18
671,28.6847,32.8746,74.35462188720703,38.397621154785156,37.09,33.18
672,29.006999999999998,33.1969,75.73175048828125,17.3349552154541,37.09,33.18
673,29.329299999999996,33.1969,76.45144653320312,17.490867614746094,37.09,33.18
674,29.6516,33.1969,77.11127471923828,17.6480655670166,37.09,33.18
675,29.6516,33.1969,77.11127471923828,17.6480655670166,37.09,33.18
676,29.973899999999997,33.1969,77.7387924194336,17.805953979492188,37.09,33.18
677,30.2962,33.1969,78.36840057373047,17.95969581604004,37.09,33.18
678,30.2962,33.1969,78.36840057373047,17.95969581604004,37.09,33.18
679,30.618499999999997,33.1969,79.02783966064453,18.053457260131836,37.09,33.18
680,30.940799999999996,33.1969,79.68730163574219,18.147245407104492,37.09,33.18
681,30.940799999999996,33.1969,79.68730163574219,18.147245407104492,37.09,33.18
682,31.263099999999998,33.1969,80.29621887207031,18.28804588317871,37.09,33.18
683,31.585399999999996,33.1969,80.80180358886719,18.48772621154785,37.09,33.18
684,31.585399999999996,33.1969,80.80180358886719,18.48772621154785,37.09,33.18
685,31.9077,33.1969,81.3392333984375,18.695598602294922,37.09,33.18
686,32.23,33.1969,81.94625854492188,18.921344757080078,37.09,33.18
687,32.23,33.1969,81.94625854492188,18.921344757080078,37.09,33.18
688,32.552299999999995,33.1969,82.01438903808594,18.985340118408203,37.09,33.18
689,32.8746,33.1969,81.82106018066406,18.958158493041992,37.09,33.18
690,33.1969,33.1969,81.41506958007812,18.834367752075195,37.09,33.18
691,33.5192,33.1969,80.97307586669922,18.6584415435791,37.09,33.18
692,33.5192,33.1969,80.97307586669922,18.6584415435791,37.09,33.18
693,33.841499999999996,33.1969,80.24819946289062,18.432537078857422,37.09,33.18
694,34.163799999999995,33.1969,79.4353256225586,18.11113929748535,37.09,33.18
695,34.163799999999995,33.1969,79.4353256225586,18.11113929748535,37.09,33.18
696,34.4861,33.1969,78.56980895996094,17.428966522216797,37.09,33.18
697,34.8084,33.1969,77.18323516845703,16.729825973510742,37.09,33.18
698,34.8084,33.1969,77.18323516845703,16.729825973510742,37.09,33.18
699,35.1307,33.1969,74.26296997070312,16.102815628051758,37.09,33.18
700,35.452999999999996,33.1969,70.91148376464844,15.389115333557129,37.09,33.18
701,35.775299999999994,33.1969,66.39702606201172,14.761685371398926,37.09,33.18
702,35.775299999999994,33.1969,66.39702606201172,14.761685371398926,37.09,33.18
703,36.0976,33.1969,60.74620056152344,14.298794746398926,37.09,33.18
704,36.4199,33.1969,47.48334884643555,13.899659156799316,37.09,33.18
705,36.4199,33.1969,47.48334884643555,13.899659156799316,37.09,33.18
706,36.7422,33.1969,30.132543563842773,13.436671257019043,37.09,33.18
707,36.7422,33.1969,30.132543563842773,13.436671257019043,37.09,33.18
708,37.064499999999995,33.1969,10.31295394897461,12.240753173828125,37.09,33.18
709,37.064499999999995,33.1969,10.31295394897461,12.240753173828125,37.09,33.18
710,37.386799999999994,33.1969,1.167574405670166,10.66153621673584,37.09,33.18
711,37.386799999999994,33.1969,1.167574405670166,10.66153621673584,37.09,33.18
712,37.7091,33.1969,0.9472308158874512,9.601616859436035,37.09,33.18
713,37.7091,33.1969,0.9472308158874512,9.601616859436035,37.09,33.18
714,37.7091,33.1969,0.9472308158874512,9.601616859436035,37.09,33.18
715,38.0314,33.1969,0.6294283866882324,8.436380386352539,37.09,33.18
716,38.0314,33.1969,0.6294283866882324,8.436380386352539,37.09,33.18
717,38.0314,33.1969,0.6294283866882324,8.436380386352539,37.09,33.18
718,38.0314,33.1969,0.6294283866882324,8.436380386352539,37.09,33.18
719,38.0314,33.1969,0.6294283866882324,8.436380386352539,37.09,33.18
720,38.353699999999996,33.1969,0.433226078748703,7.878406047821045,37.09,33.18
721,38.353699999999996,33.1969,0.433226078748703,7.878406047821045,37.09,33.18
722,38.353699999999996,32.8746,0.0,27.628110885620117,37.09,33.18
723,38.353699999999996,33.1969,0.433226078748703,7.878406047821045,37.09,33.18
724,38.0314,33.1969,0.6294283866882324,8.436380386352539,37.09,33.18
725,38.353699999999996,32.8746,0.0,27.628110885620117,37.09,33.18
726,38.353699999999996,32.8746,0.0,27.628110885620117,37.09,33.18
727,38.0314,32.8746,0.04086897522211075,29.553306579589844,37.09,33.18
728,38.0314,32.8746,0.04086897522211075,29.553306579589844,37.09,33.18
729,38.0314,32.8746,0.04086897522211075,29.553306579589844,37.09,33.18
730,38.0314,32.8746,0.04086897522211075,29.553306579589844,37.09,33.18
731,38.0314,32.8746,0.04086897522211075,29.553306579589844,37.09,33.18
732,38.0314,32.8746,0.04086897522211075,29.553306579589844,37.09,33.18
733,38.0314,32.8746,0.04086897522211075,29.553306579589844,37.09,33.18
734,38.0314,32.8746,0.04086897522211075,29.553306579589844,37.09,33.18
735,38.0314,32.8746,0.04086897522211075,29.553306579589844,37.09,33.18
736,37.7091,32.8746,0.36633607745170593,31.24534034729004,37.09,33.18
737,37.7091,32.8746,0.36633607745170593,31.24534034729004,37.09,33.18
738,37.7091,32.8746,0.36633607745170593,31.24534034729004,37.09,33.18
739,37.7091,32.552299999999995,0.0,53.0601806640625,37.09,33.18
740,37.7091,32.8746,0.36633607745170593,31.24534034729004,37.09,33.18
741,37.7091,32.8746,0.36633607745170593,31.24534034729004,37.09,33.18
742,37.386799999999994,32.8746,0.6912848949432373,32.981727600097656,37.09,33.18
743,37.386799999999994,32.552299999999995,0.1447748839855194,54.78064727783203,37.09,33.18
744,37.386799999999994,32.8746,0.6912848949432373,32.981727600097656,37.09,33.18
745,37.064499999999995,32.8746,10.525931358337402,34.94026184082031,37.09,33.18
746,37.064499999999995,32.552299999999995,10.596962928771973,57.20912551879883,37.09,33.18
747,37.064499999999995,32.8746,10.525931358337402,34.94026184082031,37.09,33.18
748,37.064499999999995,32.552299999999995,10.596962928771973,57.20912551879883,37.09,33.18
749,36.7422,32.552299999999995,29.75275993347168,58.879058837890625,37.09,33.18
750,36.7422,32.552299999999995,29.75275993347168,58.879058837890625,37.09,33.18
751,36.7422,32.552299999999995,29.75275993347168,58.879058837890625,37.09,33.18
752,36.7422,32.552299999999995,29.75275993347168,58.879058837890625,37.09,33.18
753,36.7422,32.552299999999995,29.75275993347168,58.879058837890625,37.09,33.18
754,36.7422,32.552299999999995,29.75275993347168,58.879058837890625,37.09,33.18
755,36.7422,32.8746,29.898256301879883,35.88595962524414,37.09,33.18
756,36.4199,32.8746,47.33565902709961,36.51759338378906,37.09,33.18
757,36.4199,32.8746,47.33565902709961,36.51759338378906,37.09,33.18
758,36.4199,32.8746,47.33565902709961,36.51759338378906,37.09,33.18
759,36.4199,32.8746,47.33565902709961,36.51759338378906,37.09,33.18
760,36.4199,32.8746,47.33565902709961,36.51759338378906,37.09,33.18
761,36.4199,32.8746,47.33565902709961,36.51759338378906,37.09,33.18
762,36.4199,32.8746,47.33565902709961,36.51759338378906,37.09,33.18
763,36.4199,32.552299999999995,47.22868728637695,58.83818435668945,37.09,33.18
764,36.4199,32.8746,47.33565902709961,36.51759338378906,37.09,33.18
765,36.4199,32.8746,47.33565902709961,36.51759338378906,37.09,33.18
766,36.7422,32.8746,29.898256301879883,35.88595962524414,37.09,33.18
767,36.7422,32.8746,29.898256301879883,35.88595962524414,37.09,33.18
768,36.7422,32.8746,29.898256301879883,35.88595962524414,37.09,33.18
769,36.7422,32.8746,29.898256301879883,35.88595962524414,37.09,33.18
770,36.7422,32.8746,29.898256301879883,35.88595962524414,37.09,33.18
771,36.7422,32.8746,29.898256301879883,35.88595962524414,37.09,33.18
772,36.7422,32.8746,29.898256301879883,35.88595962524414,37.09,33.18
773,36.7422,32.8746,29.898256301879883,35.88595962524414,37.09,33.18
774,36.7422,32.8746,29.898256301879883,35.88595962524414,37.09,33.18
775,36.7422,32.8746,29.898256301879883,35.88595962524414,37.09,33.18
776,36.7422,33.1969,30.132543563842773,13.436671257019043,37.09,33.18
777,36.7422,32.8746,29.898256301879883,35.88595962524414,37.09,33.18
778,37.064499999999995,32.8746,10.525931358337402,34.94026184082031,37.09,33.18
779,37.064499999999995,32.8746,10.525931358337402,34.94026184082031,37.09,33.18
780,37.064499999999995,32.8746,10.525931358337402,34.94026184082031,37.09,33.18
781,37.064499999999995,32.8746,10.525931358337402,34.94026184082031,37.09,33.18
782,37.064499999999995,32.8746,10.525931358337402,34.94026184082031,37.09,33.18
783,37.064499999999995,32.8746,10.525931358337402,34.94026184082031,37.09,33.18
784,37.064499999999995,32.8746,10.525931358337402,34.94026184082031,37.09,33.18
785,37.064499999999995,32.8746,10.525931358337402,34.94026184082031,37.09,33.18
786,37.064499999999995,32.8746,10.525931358337402,34.94026184082031,37.09,33.18
787,37.064499999999995,32.8746,10.525931358337402,34.94026184082031,37.09,33.18
788,37.064499999999995,33.1969,10.31295394897461,12.240753173828125,37.09,33.18
789,36.7422,32.8746,29.898256301879883,35.88595962524414,37.09,33.18
790,37.064499999999995,32.8746,10.525931358337402,34.94026184082031,37.09,33.18
791,37.064499999999995,32.8746,10.525931358337402,34.94026184082031,37.09,33.18
792,36.7422,33.1969,30.132543563842773,13.436671257019043,37.09,33.18
793,37.064499999999995,33.1969,10.31295394897461,12.240753173828125,37.09,33.18
794,36.7422,33.1969,30.132543563842773,13.436671257019043,37.09,33.18
795,36.7422,33.1969,30.132543563842773,13.436671257019043,37.09,33.18
796,36.7422,33.1969,30.132543563842773,13.436671257019043,37.09,33.18
797,36.7422,33.1969,30.132543563842773,13.436671257019043,37.09,33.18
798,36.7422,33.1969,30.132543563842773,13.436671257019043,37.09,33.18
799,37.064499999999995,33.1969,10.31295394897461,12.240753173828125,37.09,33.18
800,36.7422,32.8746,29.898256301879883,35.88595962524414,37.09,33.18
801,36.7422,32.8746,29.898256301879883,35.88595962524414,37.09,33.18
802,36.7422,33.1969,30.132543563842773,13.436671257019043,37.09,33.18
803,36.7422,32.8746,29.898256301879883,35.88595962524414,37.09,33.18
804,36.7422,32.8746,29.898256301879883,35.88595962524414,37.09,33.18
805,36.7422,32.8746,29.898256301879883,35.88595962524414,37.09,33.18
806,36.7422,32.8746,29.898256301879883,35.88595962524414,37.09,33.18
807,36.7422,32.8746,29.898256301879883,35.88595962524414,37.09,33.18
808,36.7422,32.8746,29.898256301879883,35.88595962524414,37.09,33.18
809,36.7422,32.8746,29.898256301879883,35.88595962524414,37.09,33.18
810,36.7422,32.8746,29.898256301879883,35.88595962524414,37.09,33.18
811,36.7422,32.8746,29.898256301879883,35.88595962524414,37.09,33.18
812,36.7422,32.8746,29.898256301879883,35.88595962524414,37.09,33.18
813,36.7422,32.8746,29.898256301879883,35.88595962524414,37.09,33.18
814,36.7422,32.8746,29.898256301879883,35.88595962524414,37.09,33.18
815,36.7422,32.8746,29.898256301879883,35.88595962524414,37.09,33.18
816,36.7422,32.8746,29.898256301879883,35.88595962524414,37.09,33.18
817,36.7422,32.8746,29.898256301879883,35.88595962524414,37.09,33.18
818,36.7422,32.8746,29.898256301879883,35.88595962524414,37.09,33.18
819,37.064499999999995,32.8746,10.525931358337402,34.94026184082031,37.09,33.18
820,36.7422,32.8746,29.898256301879883,35.88595962524414,37.09,33.18
821,37.064499999999995,32.8746,10.525931358337402,34.94026184082031,37.09,33.18
822,37.064499999999995,32.8746,10.525931358337402,34.94026184082031,37.09,33.18
823,37.064499999999995,32.8746,10.525931358337402,34.94026184082031,37.09,33.18
824,36.7422,32.8746,29.898256301879883,35.88595962524414,37.09,33.18
825,36.7422,32.8746,29.898256301879883,35.88595962524414,37.09,33.18
826,37.064499999999995,32.8746,10.525931358337402,34.94026184082031,37.09,33.18
827,37.064499999999995,32.8746,10.525931358337402,34.94026184082031,37.09,33.18
828,37.064499999999995,32.8746,10.525931358337402,34.94026184082031,37.09,33.18
829,37.064499999999995,32.8746,10.525931358337402,34.94026184082031,37.09,33.18
830,36.7422,32.8746,29.898256301879883,35.88595962524414,37.09,33.18
831,37.064499999999995,32.8746,10.525931358337402,34.94026184082031,37.09,33.18
832,36.7422,32.8746,29.898256301879883,35.88595962524414,37.09,33.18
833,37.064499999999995,32.8746,10.525931358337402,34.94026184082031,37.09,33.18
834,37.064499999999995,32.8746,10.525931358337402,34.94026184082031,37.09,33.18
835,36.7422,32.8746,29.898256301879883,35.88595962524414,37.09,33.18
836,36.7422,32.8746,29.898256301879883,35.88595962524414,37.09,33.18
837,36.7422,32.8746,29.898256301879883,35.88595962524414,37.09,33.18
838,36.7422,32.8746,29.898256301879883,35.88595962524414,37.09,33.18
839,36.7422,32.8746,29.898256301879883,35.88595962524414,37.09,33.18
840,36.7422,32.8746,29.898256301879883,35.88595962524414,37.09,33.18
841,36.7422,32.8746,29.898256301879883,35.88595962524414,37.09,33.18
842,36.7422,33.1969,30.132543563842773,13.436671257019043,37.09,33.18
843,36.7422,32.8746,29.898256301879883,35.88595962524414,37.09,33.18
844,37.064499999999995,32.8746,10.525931358337402,34.94026184082031,37.09,33.18
845,36.7422,33.1969,30.132543563842773,13.436671257019043,37.09,33.18
846,36.7422,32.8746,29.898256301879883,35.88595962524414,37.09,33.18
847,36.7422,32.8746,29.898256301879883,35.88595962524414,37.09,33.18
848,36.7422,32.8746,29.898256301879883,35.88595962524414,37.09,33.18
849,37.064499999999995,32.8746,10.525931358337402,34.94026184082031,37.09,33.18
850,36.7422,32.8746,29.898256301879883,35.88595962524414,37.09,33.18
851,36.7422,32.8746,29.898256301879883,35.88595962524414,37.09,33.18
852,36.7422,32.8746,29.898256301879883,35.88595962524414,37.09,33.18
853,36.7422,32.8746,29.898256301879883,35.88595962524414,37.09,33.18
854,36.7422,32.8746,29.898256301879883,35.88595962524414,37.09,33.18
855,36.7422,32.8746,29.898256301879883,35.88595962524414,37.09,33.18
856,36.7422,32.8746,29.898256301879883,35.88595962524414,37.09,33.18
857,36.7422,32.8746,29.898256301879883,35.88595962524414,37.09,33.18
858,36.7422,32.8746,29.898256301879883,35.88595962524414,37.09,33.18
859,37.064499999999995,33.1969,10.31295394897461,12.240753173828125,37.09,33.18
860,37.064499999999995,32.8746,10.525931358337402,34.94026184082031,37.09,33.18
861,37.064499999999995,32.8746,10.525931358337402,34.94026184082031,37.09,33.18
862,37.064499999999995,32.8746,10.525931358337402,34.94026184082031,37.09,33.18
863,37.064499999999995,32.8746,10.525931358337402,34.94026184082031,37.09,33.18
864,37.064499999999995,32.8746,10.525931358337402,34.94026184082031,37.09,33.18
865,36.7422,33.1969,30.132543563842773,13.436671257019043,37.09,33.18
866,36.7422,32.8746,29.898256301879883,35.88595962524414,37.09,33.18
867,36.7422,33.1969,30.132543563842773,13.436671257019043,37.09,33.18
868,36.7422,33.1969,30.132543563842773,13.436671257019043,37.09,33.18
869,36.7422,33.1969,30.132543563842773,13.436671257019043,37.09,33.18
870,36.7422,32.8746,29.898256301879883,35.88595962524414,37.09,33.18
871,36.7422,32.8746,29.898256301879883,35.88595962524414,37.09,33.18
872,36.7422,33.1969,30.132543563842773,13.436671257019043,37.09,33.18
873,36.7422,32.8746,29.898256301879883,35.88595962524414,37.09,33.18
874,36.7422,32.8746,29.898256301879883,35.88595962524414,37.09,33.18
875,37.064499999999995,32.8746,10.525931358337402,34.94026184082031,37.09,33.18
876,37.064499999999995,32.8746,10.525931358337402,34.94026184082031,37.09,33.18
877,36.7422,32.8746,29.898256301879883,35.88595962524414,37.09,33.18
878,36.7422,32.8746,29.898256301879883,35.88595962524414,37.09,33.18
879,36.7422,32.8746,29.898256301879883,35.88595962524414,37.09,33.18
880,36.7422,32.8746,29.898256301879883,35.88595962524414,37.09,33.18
881,36.7422,32.8746,29.898256301879883,35.88595962524414,37.09,33.18
882,36.7422,32.8746,29.898256301879883,35.88595962524414,37.09,33.18
883,37.064499999999995,32.8746,10.525931358337402,34.94026184082031,37.09,33.18
884,37.064499999999995,32.8746,10.525931358337402,34.94026184082031,37.09,33.18
885,37.064499999999995,32.8746,10.525931358337402,34.94026184082031,37.09,33.18
886,36.7422,32.8746,29.898256301879883,35.88595962524414,37.09,33.18
887,37.064499999999995,32.8746,10.525931358337402,34.94026184082031,37.09,33.18
888,36.7422,32.8746,29.898256301879883,35.88595962524414,37.09,33.18
889,36.7422,32.8746,29.898256301879883,35.88595962524414,37.09,33.18
890,36.7422,32.8746,29.898256301879883,35.88595962524414,37.09,33.18
891,37.064499999999995,32.8746,10.525931358337402,34.94026184082031,37.09,33.18
892,36.7422,32.8746,29.898256301879883,35.88595962524414,37.09,33.18
893,36.7422,33.1969,30.132543563842773,13.436671257019043,37.09,33.18
894,36.7422,32.8746,29.898256301879883,35.88595962524414,37.09,33.18
895,36.7422,32.8746,29.898256301879883,35.88595962524414,37.09,33.18
896,36.7422,32.8746,29.898256301879883,35.88595962524414,37.09,33.18
897,36.7422,32.8746,29.898256301879883,35.88595962524414,37.09,33.18
898,37.064499999999995,32.8746,10.525931358337402,34.94026184082031,37.09,33.18
899,37.064499999999995,32.8746,10.525931358337402,34.94026184082031,37.09,33.18
900,37.064499999999995,32.8746,10.525931358337402,34.94026184082031,37.09,33.18
901,36.7422,32.8746,29.898256301879883,35.88595962524414,37.09,33.18
902,36.7422,32.8746,29.898256301879883,35.88595962524414,37.09,33.18
903,36.7422,33.1969,30.132543563842773,13.436671257019043,37.09,33.18
904,37.064499999999995,32.8746,10.525931358337402,34.94026184082031,37.09,33.18
905,36.7422,32.8746,29.898256301879883,35.88595962524414,37.09,33.18
906,36.7422,32.8746,29.898256301879883,35.88595962524414,37.09,33.18
907,36.7422,33.1969,30.132543563842773,13.436671257019043,37.09,33.18
908,37.064499999999995,32.8746,10.525931358337402,34.94026184082031,37.09,33.18
909,36.7422,33.1969,30.132543563842773,13.436671257019043,37.09,33.18
910,36.7422,32.8746,29.898256301879883,35.88595962524414,37.09,33.18
911,36.7422,33.1969,30.132543563842773,13.436671257019043,37.09,33.18
912,37.064499999999995,32.8746,10.525931358337402,34.94026184082031,37.09,33.18
913,36.7422,32.8746,29.898256301879883,35.88595962524414,37.09,33.18
914,36.7422,32.8746,29.898256301879883,35.88595962524414,37.09,33.18
915,36.7422,32.8746,29.898256301879883,35.88595962524414,37.09,33.18
916,36.7422,32.8746,29.898256301879883,35.88595962524414,37.09,33.18
917,36.7422,32.8746,29.898256301879883,35.88595962524414,37.09,33.18
918,36.7422,32.8746,29.898256301879883,35.88595962524414,37.09,33.18
919,36.7422,32.8746,29.898256301879883,35.88595962524414,37.09,33.18
920,36.7422,32.8746,29.898256301879883,35.88595962524414,37.09,33.18
921,37.064499999999995,32.8746,10.525931358337402,34.94026184082031,37.09,33.18
922,36.7422,32.8746,29.898256301879883,35.88595962524414,37.09,33.18
923,37.064499999999995,32.8746,10.525931358337402,34.94026184082031,37.09,33.18
924,37.064499999999995,32.8746,10.525931358337402,34.94026184082031,37.09,33.18
925,36.7422,32.8746,29.898256301879883,35.88595962524414,37.09,33.18
926,37.064499999999995,32.8746,10.525931358337402,34.94026184082031,37.09,33.18
927,37.064499999999995,32.8746,10.525931358337402,34.94026184082031,37.09,33.18
928,37.064499999999995,32.8746,10.525931358337402,34.94026184082031,37.09,33.18
929,36.7422,32.8746,29.898256301879883,35.88595962524414,37.09,33.18
930,37.064499999999995,32.8746,10.525931358337402,34.94026184082031,37.09,33.18
931,36.7422,32.8746,29.898256301879883,35.88595962524414,37.09,33.18
932,36.7422,32.8746,29.898256301879883,35.88595962524414,37.09,33.18
933,37.064499999999995,32.8746,10.525931358337402,34.94026184082031,37.09,33.18
934,36.7422,32.8746,29.898256301879883,35.88595962524414,37.09,33.18
935,37.064499999999995,33.1969,10.31295394897461,12.240753173828125,37.09,33.18
936,36.7422,32.8746,29.898256301879883,35.88595962524414,37.09,33.18
937,36.7422,32.8746,29.898256301879883,35.88595962524414,37.09,33.18
938,36.7422,33.1969,30.132543563842773,13.436671257019043,37.09,33.18
939,36.7422,32.8746,29.898256301879883,35.88595962524414,37.09,33.18
940,36.7422,32.8746,29.898256301879883,35.88595962524414,37.09,33.18
941,36.7422,32.8746,29.898256301879883,35.88595962524414,37.09,33.18
942,36.7422,32.8746,29.898256301879883,35.88595962524414,37.09,33.18
943,36.7422,32.8746,29.898256301879883,35.88595962524414,37.09,33.18
944,36.7422,32.8746,29.898256301879883,35.88595962524414,37.09,33.18
945,36.7422,32.8746,29.898256301879883,35.88595962524414,37.09,33.18
946,36.7422,32.8746,29.898256301879883,35.88595962524414,37.09,33.18
947,37.064499999999995,32.8746,10.525931358337402,34.94026184082031,37.09,33.18
948,37.064499999999995,32.8746,10.525931358337402,34.94026184082031,37.09,33.18
949,37.064499999999995,32.8746,10.525931358337402,34.94026184082031,37.09,33.18
950,36.7422,32.8746,29.898256301879883,35.88595962524414,37.09,33.18
951,36.7422,33.1969,30.132543563842773,13.436671257019043,37.09,33.18
952,36.7422,32.8746,29.898256301879883,35.88595962524414,37.09,33.18
953,36.7422,33.1969,30.132543563842773,13.436671257019043,37.09,33.18
954,36.7422,33.1969,30.132543563842773,13.436671257019043,37.09,33.18
955,36.7422,33.1969,30.132543563842773,13.436671257019043,37.09,33.18
956,36.7422,32.8746,29.898256301879883,35.88595962524414,37.09,33.18
957,36.7422,32.8746,29.898256301879883,35.88595962524414,37.09,33.18
958,36.7422,33.1969,30.132543563842773,13.436671257019043,37.09,33.18
959,37.064499999999995,32.8746,10.525931358337402,34.94026184082031,37.09,33.18
960,36.7422,32.8746,29.898256301879883,35.88595962524414,37.09,33.18
961,36.7422,32.8746,29.898256301879883,35.88595962524414,37.09,33.18
962,37.064499999999995,32.8746,10.525931358337402,34.94026184082031,37.09,33.18
963,37.064499999999995,32.8746,10.525931358337402,34.94026184082031,37.09,33.18
964,37.064499999999995,32.8746,10.525931358337402,34.94026184082031,37.09,33.18
965,37.064499999999995,32.8746,10.525931358337402,34.94026184082031,37.09,33.18
966,37.064499999999995,32.8746,10.525931358337402,34.94026184082031,37.09,33.18
967,36.7422,32.8746,29.898256301879883,35.88595962524414,37.09,33.18
968,37.064499999999995,32.8746,10.525931358337402,34.94026184082031,37.09,33.18
969,36.7422,32.8746,29.898256301879883,35.88595962524414,37.09,33.18
970,36.7422,32.8746,29.898256301879883,35.88595962524414,37.09,33.18
971,36.7422,32.8746,29.898256301879883,35.88595962524414,37.09,33.18
972,37.064499999999995,32.8746,10.525931358337402,34.94026184082031,37.09,33.18
973,36.7422,32.8746,29.898256301879883,35.88595962524414,37.09,33.18
974,36.7422,32.8746,29.898256301879883,35.88595962524414,37.09,33.18
975,36.7422,32.8746,29.898256301879883,35.88595962524414,37.09,33.18
976,36.7422,32.8746,29.898256301879883,35.88595962524414,37.09,33.18
977,36.7422,32.8746,29.898256301879883,35.88595962524414,37.09,33.18
978,36.7422,32.8746,29.898256301879883,35.88595962524414,37.09,33.18
979,36.7422,32.8746,29.898256301879883,35.88595962524414,37.09,33.18
980,36.7422,32.8746,29.898256301879883,35.88595962524414,37.09,33.18
981,36.7422,32.8746,29.898256301879883,35.88595962524414,37.09,33.18
982,36.7422,32.8746,29.898256301879883,35.88595962524414,37.09,33.18
983,36.7422,32.8746,29.898256301879883,35.88595962524414,37.09,33.18
984,36.7422,32.8746,29.898256301879883,35.88595962524414,37.09,33.18
985,36.7422,32.8746,29.898256301879883,35.88595962524414,37.09,33.18
986,36.7422,32.8746,29.898256301879883,35.88595962524414,37.09,33.18
987,37.064499999999995,32.8746,10.525931358337402,34.94026184082031,37.09,33.18
988,37.064499999999995,32.8746,10.525931358337402,34.94026184082031,37.09,33.18
989,36.7422,33.1969,30.132543563842773,13.436671257019043,37.09,33.18
990,36.7422,32.8746,29.898256301879883,35.88595962524414,37.09,33.18
991,37.064499999999995,32.8746,10.525931358337402,34.94026184082031,37.09,33.18
992,36.7422,32.8746,29.898256301879883,35.88595962524414,37.09,33.18
993,37.064499999999995,32.8746,10.525931358337402,34.94026184082031,37.09,33.18
994,37.064499999999995,32.8746,10.525931358337402,34.94026184082031,37.09,33.18
995,36.7422,33.1969,30.132543563842773,13.436671257019043,37.09,33.18
996,37.064499999999995,33.1969,10.31295394897461,12.240753173828125,37.09,33.18
997,36.7422,33.1969,30.132543563842773,13.436671257019043,37.09,33.18
998,36.7422,32.8746,29.898256301879883,35.88595962524414,37.09,33.18
999,36.7422,32.8746,29.898256301879883,35.88595962524414,37.09,33.18
1000,37.064499999999995,32.8746,10.525931358337402,34.94026184082031,37.09,33.18
1001,37.064499999999995,32.8746,10.525931358337402,34.94026184082031,37.09,33.18
1002,37.064499999999995,32.8746,10.525931358337402,34.94026184082031,37.09,33.18
1003,36.7422,32.8746,29.898256301879883,35.88595962524414,37.09,33.18
1004,37.064499999999995,32.8746,10.525931358337402,34.94026184082031,37.09,33.18
1005,36.7422,32.8746,29.898256301879883,35.88595962524414,37.09,33.18
1006,36.7422,32.8746,29.898256301879883,35.88595962524414,37.09,33.18
1007,36.7422,32.8746,29.898256301879883,35.88595962524414,37.09,33.18
1008,36.7422,32.8746,29.898256301879883,35.88595962524414,37.09,33.18
1009,37.064499999999995,32.8746,10.525931358337402,34.94026184082031,37.09,33.18
1010,36.7422,32.8746,29.898256301879883,35.88595962524414,37.09,33.18
1011,37.064499999999995,32.8746,10.525931358337402,34.94026184082031,37.09,33.18
1012,36.7422,32.8746,29.898256301879883,35.88595962524414,37.09,33.18
1013,36.7422,32.8746,29.898256301879883,35.88595962524414,37.09,33.18
1014,36.7422,32.8746,29.898256301879883,35.88595962524414,37.09,33.18
1015,36.7422,32.8746,29.898256301879883,35.88595962524414,37.09,33.18
1016,36.7422,32.8746,29.898256301879883,35.88595962524414,37.09,33.18
1017,36.7422,32.8746,29.898256301879883,35.88595962524414,37.09,33.18
1018,36.7422,32.8746,29.898256301879883,35.88595962524414,37.09,33.18
1019,36.7422,32.8746,29.898256301879883,35.88595962524414,37.09,33.18
1020,36.7422,32.8746,29.898256301879883,35.88595962524414,37.09,33.18
1021,36.7422,32.8746,29.898256301879883,35.88595962524414,37.09,33.18
1022,36.7422,32.8746,29.898256301879883,35.88595962524414,37.09,33.18
1023,36.7422,32.8746,29.898256301879883,35.88595962524414,37.09,33.18
1024,36.7422,32.8746,29.898256301879883,35.88595962524414,37.09,33.18
1025,36.7422,33.1969,30.132543563842773,13.436671257019043,37.09,33.18
1026,36.7422,33.1969,36.367374420166016,100.0,37.09,60.12
1027,37.064499999999995,32.8746,26.61138153076172,100.0,37.09,60.12
1028,36.7422,33.1969,36.367374420166016,100.0,37.09,60.12
1029,36.7422,33.1969,36.367374420166016,100.0,37.09,60.12
1030,37.064499999999995,32.8746,26.61138153076172,100.0,37.09,60.12
1031,37.064499999999995,33.1969,27.01323127746582,100.0,37.09,60.12
1032,37.064499999999995,33.1969,27.01323127746582,100.0,37.09,60.12
1033,37.064499999999995,33.1969,27.01323127746582,100.0,37.09,60.12
1034,37.064499999999995,33.1969,27.01323127746582,100.0,37.09,60.12
1035,37.064499999999995,33.5192,27.294353485107422,100.0,37.09,60.12
1036,37.064499999999995,33.5192,27.294353485107422,100.0,37.09,60.12
1037,37.064499999999995,33.5192,27.294353485107422,100.0,37.09,60.12
1038,37.064499999999995,33.5192,27.294353485107422,100.0,37.09,60.12
1039,37.064499999999995,33.5192,27.294353485107422,100.0,37.09,60.12
1040,37.064499999999995,33.841499999999996,27.5754337310791,100.0,37.09,60.12
1041,37.386799999999994,33.841499999999996,18.144794464111328,100.0,37.09,60.12
1042,37.064499999999995,33.841499999999996,27.5754337310791,100.0,37.09,60.12
1043,37.064499999999995,33.841499999999996,27.5754337310791,100.0,37.09,60.12
1044,37.064499999999995,33.841499999999996,27.5754337310791,100.0,37.09,60.12
1045,37.064499999999995,34.163799999999995,27.856571197509766,100.0,37.09,60.12
1046,37.386799999999994,34.163799999999995,18.42591667175293,100.0,37.09,60.12
1047,37.386799999999994,34.163799999999995,18.42591667175293,100.0,37.09,60.12
1048,37.386799999999994,34.4861,18.736236572265625,100.0,37.09,60.12
1049,37.386799999999994,34.4861,18.736236572265625,100.0,37.09,60.12
1050,37.386799999999994,34.4861,18.736236572265625,100.0,37.09,60.12
1051,37.386799999999994,34.8084,19.175722122192383,100.0,37.09,60.12
1052,37.386799999999994,34.8084,19.175722122192383,100.0,37.09,60.12
1053,37.386799999999994,34.8084,19.175722122192383,100.0,37.09,60.12
1054,37.386799999999994,35.1307,19.539840698242188,100.0,37.09,60.12
1055,37.386799999999994,35.1307,19.539840698242188,100.0,37.09,60.12
1056,37.386799999999994,35.1307,19.539840698242188,100.0,37.09,60.12
1057,37.386799999999994,35.452999999999996,20.056913375854492,100.0,37.09,60.12
1058,37.386799999999994,35.452999999999996,20.056913375854492,100.0,37.09,60.12
1059,37.386799999999994,35.452999999999996,20.056913375854492,100.0,37.09,60.12
1060,37.386799999999994,35.775299999999994,100.0,100.0,40.87,60.12
1061,37.386799999999994,35.775299999999994,100.0,100.0,40.87,60.12
1062,37.386799999999994,35.775299999999994,100.0,100.0,40.87,60.12
1063,37.386799999999994,35.775299999999994,100.0,100.0,40.87,60.12
1064,37.386799999999994,36.0976,100.0,100.0,40.87,60.12
1065,37.7091,36.0976,100.0,100.0,40.87,60.12
1066,37.7091,36.4199,100.0,100.0,40.87,60.12
1067,37.7091,36.4199,100.0,100.0,40.87,60.12
1068,38.0314,36.4199,99.44515991210938,100.0,40.87,60.12
1069,38.0314,36.4199,99.44515991210938,100.0,40.87,60.12
1070,38.353699999999996,36.7422,94.45248413085938,100.0,40.87,60.12
1071,38.353699999999996,36.7422,94.45248413085938,100.0,40.87,60.12
1072,38.353699999999996,36.7422,94.45248413085938,100.0,40.87,60.12
1073,38.675999999999995,37.064499999999995,89.16570281982422,100.0,40.87,60.12
1074,38.675999999999995,37.064499999999995,89.16570281982422,100.0,40.87,60.12
1075,38.9983,37.386799999999994,82.9136734008789,100.0,40.87,60.12
1076,39.3206,37.386799999999994,76.37745666503906,100.0,40.87,60.12
1077,39.3206,37.386799999999994,76.37745666503906,100.0,40.87,60.12
1078,39.6429,37.7091,70.28822326660156,100.0,40.87,60.12
1079,39.965199999999996,37.7091,63.717926025390625,100.0,40.87,60.12
1080,39.965199999999996,37.7091,63.717926025390625,100.0,40.87,60.12
1081,39.965199999999996,38.0314,64.04051208496094,100.0,40.87,60.12
1082,40.287499999999994,38.0314,57.06071853637695,100.0,40.87,60.12
1083,40.6098,38.353699999999996,48.993812561035156,100.0,40.87,60.12
1084,40.6098,38.353699999999996,48.993812561035156,100.0,40.87,60.12
1085,40.9321,38.353699999999996,39.58382797241211,100.0,40.87,60.12
1086,40.9321,38.675999999999995,40.091522216796875,100.0,40.87,60.12
1087,40.9321,38.675999999999995,40.091522216796875,100.0,40.87,60.12
1088,41.2544,38.9983,30.777446746826172,100.0,40.87,60.12
1089,41.576699999999995,38.9983,20.965089797973633,100.0,40.87,60.12
1090,41.576699999999995,38.9983,20.965089797973633,100.0,40.87,60.12
1091,41.576699999999995,39.3206,21.328336715698242,100.0,40.87,60.12
1092,41.898999999999994,39.3206,17.121286392211914,100.0,40.87,60.12
1093,41.898999999999994,39.3206,17.121286392211914,100.0,40.87,60.12
1094,42.2213,39.6429,13.446846961975098,100.0,40.87,60.12
1095,42.2213,39.6429,13.446846961975098,100.0,40.87,60.12
1096,42.2213,39.6429,13.446846961975098,100.0,40.87,60.12
1097,42.2213,39.965199999999996,13.835497856140137,100.0,40.87,60.12
1098,42.2213,39.965199999999996,13.835497856140137,100.0,40.87,60.12
1099,42.2213,39.965199999999996,13.835497856140137,100.0,40.87,60.12
1100,42.2213,40.287499999999994,14.225320816040039,100.0,40.87,60.12
1101,42.5436,40.287499999999994,9.820530891418457,100.0,40.87,60.12
1102,42.5436,40.287499999999994,9.820530891418457,100.0,40.87,60.12
1103,42.5436,40.6098,10.121805191040039,100.0,40.87,60.12
1104,42.5436,40.6098,10.121805191040039,100.0,40.87,60.12
1105,42.5436,40.6098,10.121805191040039,100.0,40.87,60.12
1106,42.5436,40.9321,10.309374809265137,100.0,40.87,60.12
1107,42.5436,40.9321,10.309374809265137,100.0,40.87,60.12
1108,42.5436,40.9321,10.309374809265137,100.0,40.87,60.12
1109,42.5436,41.2544,10.372458457946777,100.0,40.87,60.12
1110,42.5436,41.2544,10.372458457946777,100.0,40.87,60.12
1111,42.5436,41.2544,10.372458457946777,100.0,40.87,60.12
1112,42.5436,41.576699999999995,10.435545921325684,100.0,40.87,60.12
1113,42.5436,41.576699999999995,10.435545921325684,100.0,40.87,60.12
1114,42.5436,41.576699999999995,10.435545921325684,100.0,40.87,60.12
1115,42.5436,41.576699999999995,10.435545921325684,100.0,40.87,60.12
1116,42.5436,41.898999999999994,10.498634338378906,100.0,40.87,60.12
1117,42.5436,41.898999999999994,10.498634338378906,100.0,40.87,60.12
1118,42.5436,41.898999999999994,10.498634338378906,100.0,40.87,60.12
1119,42.5436,41.898999999999994,10.498634338378906,100.0,40.87,60.12
1120,42.2213,42.2213,15.326106071472168,100.0,40.87,60.12
1121,42.5436,42.2213,10.561697006225586,100.0,40.87,60.12
1122,42.2213,42.2213,15.326106071472168,100.0,40.87,60.12
1123,42.2213,42.5436,15.38920783996582,100.0,40.87,60.12
1124,42.2213,42.5436,15.38920783996582,100.0,40.87,60.12
1125,42.2213,42.5436,15.38920783996582,100.0,40.87,60.12
1126,42.2213,42.5436,15.38920783996582,100.0,40.87,60.12
1127,42.2213,42.865899999999996,15.415738105773926,100.0,40.87,60.12
1128,41.898999999999994,42.865899999999996,19.949556350708008,100.0,40.87,60.12
1129,41.898999999999994,42.865899999999996,19.949556350708008,100.0,40.87,60.12
1130,41.898999999999994,42.865899999999996,19.949556350708008,100.0,40.87,60.12
1131,41.898999999999994,42.865899999999996,19.949556350708008,100.0,40.87,60.12
1132,41.898999999999994,43.188199999999995,19.845815658569336,100.0,40.87,60.12
1133,41.898999999999994,43.188199999999995,19.845815658569336,100.0,40.87,60.12
1134,41.898999999999994,43.188199999999995,19.845815658569336,100.0,40.87,60.12
1135,41.576699999999995,43.188199999999995,24.080242156982422,100.0,40.87,60.12
1136,41.898999999999994,43.51049999999999,19.800750732421875,100.0,40.87,60.12
1137,41.898999999999994,43.51049999999999,19.800750732421875,100.0,40.87,60.12
1138,41.576699999999995,43.51049999999999,24.129976272583008,100.0,40.87,60.12
1139,41.576699999999995,43.51049999999999,24.129976272583008,100.0,40.87,60.12
1140,41.576699999999995,43.8328,24.179750442504883,100.0,40.87,60.12
1141,41.576699999999995,43.8328,24.179750442504883,100.0,40.87,60.12
1142,41.576699999999995,43.8328,24.179750442504883,100.0,40.87,60.12
1143,41.576699999999995,43.8328,24.179750442504883,100.0,40.87,60.12
1144,41.576699999999995,43.8328,24.179750442504883,100.0,40.87,60.12
1145,41.576699999999995,43.8328,24.179750442504883,100.0,40.87,60.12
1146,41.576699999999995,44.1551,24.216867446899414,100.0,40.87,60.12
1147,41.576699999999995,44.1551,24.216867446899414,100.0,40.87,60.12
1148,41.576699999999995,44.1551,24.216867446899414,100.0,40.87,60.12
1149,41.2544,44.1551,32.79475784301758,100.0,40.87,60.12
1150,41.576699999999995,44.1551,24.216867446899414,100.0,40.87,60.12
1151,41.2544,44.1551,32.79475784301758,100.0,40.87,60.12
1152,41.2544,44.477399999999996,32.72079849243164,100.0,40.87,60.12
1153,41.2544,44.477399999999996,32.72079849243164,100.0,40.87,60.12
1154,41.2544,44.477399999999996,32.72079849243164,100.0,40.87,60.12
1155,41.2544,44.477399999999996,32.72079849243164,100.0,40.87,60.12
1156,41.2544,44.799699999999994,32.646785736083984,100.0,40.87,60.12
1157,41.2544,44.799699999999994,32.646785736083984,100.0,40.87,60.12
1158,41.2544,44.799699999999994,32.646785736083984,100.0,40.87,60.12
1159,41.576699999999995,44.799699999999994,24.2172908782959,100.0,40.87,60.12
1160,41.2544,44.799699999999994,32.646785736083984,100.0,40.87,60.12
1161,41.2544,44.799699999999994,32.646785736083984,100.0,40.87,60.12
1162,41.2544,45.122,32.57279968261719,100.0,40.87,60.12
1163,41.2544,45.122,32.57279968261719,100.0,40.87,60.12
1164,41.2544,45.122,32.57279968261719,100.0,40.87,60.12
1165,41.2544,45.122,32.57279968261719,100.0,40.87,60.12
1166,41.2544,45.122,32.57279968261719,100.0,40.87,60.12
1167,41.2544,45.4443,32.3996696472168,100.0,40.87,60.12
1168,41.2544,45.4443,32.3996696472168,100.0,40.87,60.12
1169,41.2544,45.4443,32.3996696472168,100.0,40.87,60.12
1170,41.2544,45.4443,32.3996696472168,100.0,40.87,60.12
1171,41.576699999999995,45.4443,23.41545867919922,99.96794128417969,40.87,60.12
1172,41.2544,45.4443,32.3996696472168,100.0,40.87,60.12
1173,41.2544,45.7666,32.01164627075195,99.84759521484375,40.87,60.12
1174,41.576699999999995,45.7666,22.726688385009766,99.85467529296875,40.87,60.12
1175,41.576699999999995,45.7666,22.726688385009766,99.85467529296875,40.87,60.12
1176,41.576699999999995,45.7666,22.726688385009766,99.85467529296875,40.87,60.12
1177,41.576699999999995,45.7666,22.726688385009766,99.85467529296875,40.87,60.12
1178,41.576699999999995,45.7666,22.726688385009766,99.85467529296875,40.87,60.12
1179,41.576699999999995,46.088899999999995,22.03797721862793,99.74139404296875,40.87,60.12
1180,41.576699999999995,46.088899999999995,22.03797721862793,99.74139404296875,40.87,60.12
1181,41.576699999999995,46.088899999999995,22.03797721862793,99.74139404296875,40.87,60.12
1182,41.576699999999995,46.088899999999995,22.03797721862793,99.74139404296875,40.87,60.12
1183,41.576699999999995,46.088899999999995,22.03797721862793,99.74139404296875,40.87,60.12
1184,41.576699999999995,46.088899999999995,22.03797721862793,99.74139404296875,40.87,60.12
1185,41.576699999999995,46.411199999999994,21.349205017089844,99.62815856933594,40.87,60.12
1186,41.576699999999995,46.411199999999994,21.349205017089844,99.62815856933594,40.87,60.12
1187,41.576699999999995,46.411199999999994,21.349205017089844,99.62815856933594,40.87,60.12
1188,41.576699999999995,46.411199999999994,21.349205017089844,99.62815856933594,40.87,60.12
1189,41.2544,46.411199999999994,30.457565307617188,99.62678527832031,40.87,60.12
1190,41.576699999999995,46.411199999999994,21.349205017089844,99.62815856933594,40.87,60.12
1191,41.576699999999995,46.7335,20.66045379638672,99.51487731933594,40.87,60.12
1192,41.576699999999995,46.7335,20.66045379638672,99.51487731933594,40.87,60.12
1193,41.576699999999995,46.7335,20.66045379638672,99.51487731933594,40.87,60.12
1194,41.576699999999995,46.7335,20.66045379638672,99.51487731933594,40.87,60.12
1195,41.2544,46.7335,29.671720504760742,99.51722717285156,40.87,60.12
1196,41.576699999999995,46.7335,20.66045379638672,99.51487731933594,40.87,60.12
1197,41.2544,46.7335,29.671720504760742,99.51722717285156,40.87,60.12
1198,41.576699999999995,47.0558,19.971704483032227,99.40164947509766,40.87,60.12
1199,41.2544,47.0558,28.88581085205078,99.40770721435547,40.87,60.12
